                   MONTHLY CLIMATOLOGICAL SUMMARY for sep 2022


NAME: El Campillo (Rivas-Vaciamadrid)                  
ELEV: 539 metros    LAT: 39-11.40 N    LONG: 003-18.00 W


                   TEMPERATURE (C), RAIN (mm), WIND SPEED (m/s)

                                         HEAT   COOL         AVG
      MEAN                               DEG    DEG          WIND                   DOM
DAY   TEMP   HIGH   TIME    LOW   TIME   DAYS   DAYS   RAIN  SPEED   HIGH   TIME    DIR
---------------------------------------------------------------------------------------
 01   23,9   32,8  18:11   12,8  07:54    0,0    3,3    0,0    0,0    4,9  18:40    225
 02   23,8   30,2  17:08   16,5  07:36    0,0    3,2    0,0    0,0    7,6  15:44    225
 03   22,6   29,0  18:29   15,3  07:13    0,0    2,6    0,0    0,0    5,8  16:57     90
 04   22,3   30,4  17:05   13,4  07:48    0,0    2,4    0,0    0,0    3,6  18:22     90
 05   21,6   29,7  18:05   11,5  08:04    0,0    2,0    0,0    0,0    6,7  15:07    214
 06   22,2   29,3  18:24   14,3  07:53    0,0    2,3    0,0    0,1    7,2  17:04    224
 07   21,2   27,8  18:11   13,4  07:42    0,0    1,8    0,0    0,0    7,6  14:20    236
 08   23,2   29,7  17:09   17,4  07:53    0,0    2,9    0,0    0,0    7,2  20:23    214
 09   25,0   32,1  17:33   18,4  05:25    0,0    3,9    0,0    0,0    6,7  17:49     90
 10   26,0   34,4  18:20   17,6  08:01    0,0    4,4    0,0    0,0    3,6  16:04     90
 11   26,9   36,2  16:57   16,9  07:27    0,0    4,9    0,0    0,0    4,9  15:11     90
 12   26,9   31,6  13:32   21,9  05:52    0,0    5,0    0,2    0,1    8,9  21:17     91
 13   21,5   26,1  16:59   16,4  06:41    0,0    1,9   10,8    0,2   12,5  03:34    213
 14   19,8   25,4  17:53   14,3  07:21    0,0    1,0    0,0    0,0    4,5  17:54     90
 15   20,5   26,8  18:12   17,2  05:45    0,0    1,4    0,4    0,0    0,4  19:43     90
 16   21,1   28,8  17:40   13,6  07:47    0,0    1,7    0,0    0,0    0,0  00:00     90
 17   22,2   29,9  18:02   14,9  07:44    0,0    2,3    0,0    0,0    0,4  08:10     90
 18   23,3   29,1  15:57   16,9  08:10    0,0    2,9    0,0    0,0    5,4  11:28     90
 19   23,2   30,2  16:36   16,4  07:58    0,0    2,9    0,0    0,0    0,4  12:45     90
 20   22,0   29,1  18:15   15,9  07:54    0,0    2,2    8,2    0,0    0,4  00:43     90
 21   21,3   29,6  15:22   16,2  07:47    0,0    1,8    0,0    0,0    1,3  16:26     90
 22   21,4   29,6  18:01   13,1  08:01    0,0    1,9    0,0    0,0    0,0  00:00     90
 23   22,1   28,7  17:35   15,9  07:34    0,0    2,3    0,0    0,0    0,4  14:14     90
 24   19,6   26,5  17:09   12,6  07:12    0,0    0,9    0,0    0,0    4,9  23:31     90
 25   16,6   22,4  15:22   10,6  07:34    0,8    0,0    0,0    0,0    3,6  16:20     90
 26   16,7   23,3  18:11   11,3  07:25    0,7    0,0    0,0    0,0    0,4  04:44     90
 27   16,0   24,6  16:44    7,3  07:24    1,1    0,0    0,0    0,0    4,0  15:27     90
 28   16,7   23,8  17:24    7,9  07:58    0,7    0,0    0,0    0,0    4,9  13:57    270
 29   14,7   18,4  00:56   11,6  23:51    1,8    0,0    0,2    0,0    3,6  00:51     90
 30   14,4   20,4  17:34    7,7  08:22    2,0    0,0    0,0    0,0    4,9  12:53     68
---------------------------------------------------------------------------------------
      21,3   36,2     11    7,3     27    7,1   62,0   19,8    0,0   12,5     13    196
    
