                   MONTHLY CLIMATOLOGICAL SUMMARY for mar 2021


NAME: El Campillo (Rivas-Vaciamadrid)                  
ELEV: 539 metros    LAT: 39-11.40 N    LONG: 003-18.00 W


                   TEMPERATURE (C), RAIN (mm), WIND SPEED (m/s)

                                         HEAT   COOL         AVG
      MEAN                               DEG    DEG          WIND                   DOM
DAY   TEMP   HIGH   TIME    LOW   TIME   DAYS   DAYS   RAIN  SPEED   HIGH   TIME    DIR
---------------------------------------------------------------------------------------
 01    8,6   11,2  17:17    5,7  05:48    5,2    0,0    0,0    0,5    5,8  00:01     69
 02   10,6   14,2  14:28    7,1  08:31    4,1    0,0    0,0    0,1    4,5  05:38     64
 03   10,7   14,9  15:43    6,8  08:11    4,0    0,0    0,0    0,0    2,2  02:59     68
 04    8,7   13,6  17:12    4,3  05:41    5,2    0,0    0,0    0,0    3,6  14:50     71
 05    9,8   15,8  16:42    5,1  03:46    4,6    0,0    0,0    0,0    4,9  12:48     61
 06   11,5   15,2  13:49    8,4  07:24    3,6    0,0    0,0    0,2    4,9  13:16     75
 07   10,2   15,3  16:45    7,3  02:19    4,3    0,0    0,0    0,1    4,0  14:54    130
 08    8,6   14,7  15:22    4,9  07:25    5,2    0,0    0,2    0,0    5,8  15:40    125
 09    9,3   14,2  17:48    5,7  05:48    4,9    0,0    0,0    0,3    6,3  09:26     64
 10    7,8   16,4  17:06   -0,9  06:51    5,6    0,0    0,0    0,0    4,0  13:21    242
 11   10,9   19,1  16:30    2,9  06:54    3,9    0,0    0,0    0,2    6,7  14:31    225
 12   10,6   16,9  15:41    4,9  23:59    4,1    0,0    0,0    0,3    8,0  12:20    278
 13    7,9   16,5  17:02   -0,5  07:36    5,6    0,0    0,0    0,1    6,3  14:11    254
 14    8,9   16,6  16:49    0,0  07:29    5,0    0,0    0,0    0,2    5,4  13:54     63
 15   11,4   19,4  17:04    3,3  06:05    3,7    0,0    0,0    0,2    6,7  14:52     67
 16   12,0   19,4  16:19    5,6  06:15    3,3    0,0    0,0    2,2   11,2  11:53     68
 17   12,6   19,7  16:02    6,5  07:17    3,0    0,0    0,0    1,7    9,8  17:37     67
 18    8,6   11,7  17:37    4,4  07:28    5,2    0,0    0,0    1,7   11,6  11:52     67
 19    6,9   12,8  17:19    1,6  06:36    6,2    0,0    0,0    0,7   11,2  18:13    295
 20    6,3   11,6  17:41    1,7  07:15    6,5    0,0    0,0    1,5   11,2  09:48     67
 21    7,2   16,0  14:58   -3,2  07:24    6,0    0,0    0,0    0,8    9,8  16:06     64
 22    8,1   17,7  16:16   -1,7  07:27    5,5    0,0    0,0    0,2    7,2  14:52     52
 23    9,5   19,4  16:06   -0,6  06:21    4,7    0,0    0,0    0,0    3,6  13:52    216
 24   11,2   21,8  16:50    0,6  06:10    3,8    0,0    0,0    0,0    4,9  17:09    218
 25   11,8   21,3  15:48    1,6  06:49    3,4    0,0    0,0    0,1    5,4  13:47    212
 26   12,8   20,2  15:08    4,7  07:11    2,9    0,0    0,0    0,2    9,4  13:10    237
 27   11,9   18,5  15:41    5,8  04:19    3,4    0,0    0,0    0,1    4,9  15:13     76
 28   13,8   22,0  18:19    4,8  06:53    2,3    0,0    0,0    0,5    6,3  22:54     82
 29   14,4   22,4  15:01    5,5  06:50    2,0    0,0    0,0    1,1   12,5  16:44     89
 30   15,9   21,3  16:23    9,8  08:25    1,2    0,0    0,0    0,8    8,9  18:37     77
 31   15,4   23,3  16:14    4,2  07:47    1,5    0,0    0,0    0,6    8,0  16:46     82
---------------------------------------------------------------------------------------
      10,4   23,3     31   -3,2     21  130,0    0,0    0,2    0,5   12,5     29     70
    
