                   MONTHLY CLIMATOLOGICAL SUMMARY for mar 2020


NAME: El Campillo (Rivas-Vaciamadrid)                  
ELEV: 539 metros    LAT: 39-11.40 N    LONG: 003-18.00 W


                   TEMPERATURE (C), RAIN (mm), WIND SPEED (m/s)

                                         HEAT   COOL         AVG
      MEAN                               DEG    DEG          WIND                   DOM
DAY   TEMP   HIGH   TIME    LOW   TIME   DAYS   DAYS   RAIN  SPEED   HIGH   TIME    DIR
---------------------------------------------------------------------------------------
 01   10,9   15,6  16:45    8,3  04:25    4,0    0,0    0,8    0,4   12,1  18:24    227
 02   10,7   13,7  13:41    5,5  22:06    4,1    0,0    1,8    2,3   15,6  09:10    267
 03    9,5   14,0  15:32    5,2  05:03    4,7    0,0    0,0    0,2    8,5  11:09    245
 04   13,8   19,6  14:49   10,7  23:48    2,3    0,0    0,0    0,5    7,6  16:49    267
 05   12,3   16,7  15:14    9,3  23:57    3,2    0,0    0,0    0,8   11,6  15:54    263
 06    9,1   13,3  16:36    4,8  06:05    5,0    0,0    0,0    0,8   12,5  15:30    280
 07    8,3   16,9  17:46    0,6  05:23    5,4    0,0    0,0    0,0    4,0  12:56     90
 08    8,0   16,2  14:21   -1,3  07:34    5,6    0,0    0,0    0,0    0,4  14:10     90
 09   11,4   18,2  16:46    5,4  07:48    3,7    0,0    0,0    0,0    1,3  15:46     90
 10   12,1   23,4  17:54    3,0  06:45    3,3    0,0    0,0    0,0    0,0  00:00     90
 11   14,4   25,3  14:57    4,7  07:43    2,0    0,0    0,0    0,0    0,0  00:00     90
 12   15,8   26,2  16:20    7,1  05:06    1,2    0,0    0,0    0,0    0,4  16:42     90
 13   15,3   23,5  15:10    7,1  07:23    1,5    0,0    0,0    0,0    0,9  14:41     90
 14   14,7   23,2  17:14    7,3  07:39    1,8    0,0    0,0    0,0    0,4  02:11     90
 15   12,8   21,2  14:45    5,7  06:54    2,9    0,0   13,4    0,0    6,7  19:41     90
 16    6,8   10,8  00:00    3,6  08:23    6,2    0,0   10,2    0,3    9,8  16:38     74
 17   10,3   16,2  14:42    4,3  02:43    4,3    0,0    0,4    0,5    9,4  15:03     68
 18   11,6   16,3  16:18    6,9  07:38    3,6    0,0    0,0    0,0    0,0  00:00     90
 19   12,0   16,5  16:59    8,4  04:23    3,3    0,0    0,0    0,0    1,3  09:41     90
 20   11,2   13,2  16:32    7,3  23:26    3,8    0,0    0,0    0,2    8,9  12:25     77
 21    8,5    9,9  10:00    6,8  00:33    5,3    0,0    2,0    0,0    0,9  13:29     90
 22    9,1   13,4  15:30    4,0  07:43    4,9    0,0    0,6    0,0    0,9  15:11     90
 23   10,2   14,6  15:23    7,6  07:28    4,3    0,0    9,6    0,1   13,4  15:49     69
 24   11,0   15,2  15:23    8,2  06:39    3,9    0,0    0,6    0,0    6,3  12:33     68
 25   11,1   17,5  16:45    4,8  06:56    3,8    0,0    0,0    0,0    1,8  16:46     90
 26    9,0   16,3  15:42    0,8  07:04    5,0    0,0    0,0    0,0    3,1  15:36     90
 27    6,1   11,7  17:43    2,7  08:01    6,6    0,0    0,8    0,1   10,3  19:22     67
 28    7,8   17,1  17:33   -0,2  05:47    5,6    0,0    0,0    0,0    0,9  16:31     90
 29   10,5   20,1  16:34    0,6  07:45    4,2    0,0    0,0    0,0    0,4  17:22     90
 30    6,4   13,1  00:21    1,1  23:58    6,4    0,0    3,0    0,2    8,0  17:21     68
 31    4,9   11,0  17:17    0,5  01:05    7,3    0,0   23,6    0,8    7,2  17:12     72
---------------------------------------------------------------------------------------
      10,5   26,2     12   -1,3     08  129,0    0,0   66,8    0,2   15,6     02    275
    
