                   MONTHLY CLIMATOLOGICAL SUMMARY for may 2020


NAME: El Campillo (Rivas-Vaciamadrid)                  
ELEV: 539 metros    LAT: 39-11.40 N    LONG: 003-18.00 W


                   TEMPERATURE (C), RAIN (mm), WIND SPEED (m/s)

                                         HEAT   COOL         AVG
      MEAN                               DEG    DEG          WIND                   DOM
DAY   TEMP   HIGH   TIME    LOW   TIME   DAYS   DAYS   RAIN  SPEED   HIGH   TIME    DIR
---------------------------------------------------------------------------------------
 01   15,5   22,6  17:59   10,4  06:57    1,4    0,0    0,0    0,0    4,9  16:09    225
 02   18,9   26,8  16:57   11,1  07:28    0,0    0,5    0,0    0,0    7,2  17:14    225
 03   20,1   31,6  19:27    9,3  07:28    0,0    1,2    0,0    0,0    0,4  15:00     90
 04   21,4   31,6  17:05   14,2  02:25    0,0    1,9    0,0    0,1    9,4  17:06    226
 05   18,5   25,4  17:47   12,0  07:28    0,0    0,3    0,0    0,0    0,9  14:11     90
 06   16,4   26,5  18:57    5,9  06:11    0,9    0,0    0,0    0,0    0,0  00:00     90
 07   19,3   26,5  16:09   11,2  01:38    0,0    0,7    0,0    0,5    8,5  22:51     86
 08   21,3   29,5  18:56   13,6  06:40    0,0    1,8    0,0    0,0    4,5  00:04     90
 09   19,2   24,3  18:46   13,3  07:18    0,0    0,6    0,0    0,0    2,2  16:43     90
 10   15,0   19,9  15:26    9,6  07:57    1,7    0,0    0,8    0,2    8,9  15:43    227
 11   15,0   19,8  14:54   10,7  05:02    1,7    0,0    0,0    0,0    4,9  13:48    225
 12   12,5   16,0  13:00   10,2  23:52    3,0    0,0    8,0    0,0    0,4  11:30     90
 13   13,9   19,7  18:02    9,8  01:30    2,3    0,0    0,0    0,0    2,2  11:03     90
 14   12,6   15,9  16:45    9,5  09:01    3,0    0,0    8,8    0,0    0,4  06:26     90
 15   12,8   18,4  13:48    9,4  06:10    2,9    0,0   14,2    0,0    4,5  16:44     66
 16   14,9   20,1  15:40   11,1  06:32    1,7    0,0    0,2    0,2    5,4  08:59     68
 17   16,0   23,8  19:27    8,5  06:47    1,1    0,0    0,0    0,0    2,2  11:54     90
 18   18,8   29,2  19:29    8,9  06:52    0,0    0,4    0,0    0,0    0,4  17:47     90
 19   20,9   29,8  17:30   11,8  07:25    0,0    1,6    0,0    0,0    0,9  14:02     90
 20   21,9   31,8  17:47   12,2  07:23    0,0    2,2    0,0    0,0    1,3  19:00     90
 21   22,1   32,8  18:03   11,3  07:30    0,0    2,3    0,0    0,0    0,4  15:00     90
 22   23,6   33,0  18:13   12,4  06:42    0,0    3,1    0,0    0,0    2,2  17:42     90
 23   24,6   34,3  19:47   14,8  07:20    0,0    3,7    0,0    0,0    0,4  13:56     90
 24   23,4   32,3  18:38   15,4  07:19    0,0    3,0    0,0    0,1    6,7  01:24     68
 25   22,0   29,6  16:55   16,3  07:15    0,0    2,2    4,4    0,2   10,3  17:53     70
 26   20,5   27,3  19:48   15,1  04:58    0,0    1,4    0,0    0,0    4,0  19:52     90
 27   22,5   29,4  17:58   14,4  07:12    0,0    2,5    0,0    0,4    8,9  12:22     74
 28   22,0   29,0  17:54   15,1  07:27    0,0    2,2    0,0    0,0    4,9  18:49     79
 29   23,2   31,7  18:20   14,2  07:27    0,0    2,9    0,0    0,0    2,2  15:12     90
 30   23,9   32,9  17:38   16,8  06:09    0,0    3,3    0,0    0,0    0,4  02:12     90
 31   22,7   32,1  16:42   16,4  23:57    0,0    2,6    8,2    0,0   11,6  18:50    335
---------------------------------------------------------------------------------------
      19,2   34,3     23    5,9     06   19,7   40,5   44,6    0,1   11,6     31     85
    
