                   MONTHLY CLIMATOLOGICAL SUMMARY for may 2018


NAME: El Campillo (Rivas-Vaciamadrid)                  
ELEV: 539 metros    LAT: 39-11.40 N    LONG: 003-18.00 W


                   TEMPERATURE (C), RAIN (mm), WIND SPEED (m/s)

                                         HEAT   COOL         AVG
      MEAN                               DEG    DEG          WIND                   DOM
DAY   TEMP   HIGH   TIME    LOW   TIME   DAYS   DAYS   RAIN  SPEED   HIGH   TIME    DIR
---------------------------------------------------------------------------------------
 01    9,6   16,6  19:15    2,9  05:43    4,7    0,0    0,2    0,2    4,9  10:00     62
 02   11,6   18,4  15:37    4,2  07:38    3,6    0,0    0,0    0,4    7,6  13:58    239
 03   13,1   20,0  16:21    5,8  07:14    2,7    0,0    0,0    0,5    9,4  13:12     31
 04   14,0   21,4  18:37    6,3  07:34    2,2    0,0    0,0    1,3    8,5  09:10     62
 05   16,5   25,4  18:14    8,3  07:09    0,8    0,0    0,2    0,8   11,6  22:33     74
 06   17,4   25,8  18:16   10,1  07:10    0,3    0,0    0,4    0,4    8,5  23:04     67
 07   16,3   24,0  19:28   10,1  07:14    1,0    0,0    1,6    0,1    8,0  17:55     57
 08   17,2   27,1  16:33   10,1  07:21    0,5    0,0    5,0    0,2    5,8  16:49     55
 09   18,6   25,8  16:28   11,6  07:24    0,0    0,3    0,0    0,1    4,9  19:01    254
 10   18,6   24,5  18:44   13,6  07:32    0,0    0,3    0,0    0,8    6,7  14:25     65
 11   18,9   25,4  17:25   11,2  06:20    0,0    0,5    0,0    0,3    6,3  15:44    223
 12   16,3   20,6  15:38   12,5  06:59    1,0    0,0    0,0    0,8    8,9  17:51    253
 13   12,6   18,2  18:27    4,7  07:22    3,0    0,0    0,0    0,3    7,2  16:54    270
 14   14,7   19,9  19:00    9,4  03:22    1,8    0,0    0,0    0,3    7,2  17:57    294
 15   15,6   23,6  17:57    6,6  07:26    1,3    0,0    0,0    0,7    6,7  14:43     52
 16   18,2   26,1  17:40   10,3  07:05    0,0    0,1    0,0    0,4    6,3  10:04     62
 17   19,6   26,9  19:13   14,1  07:45    0,0    0,9    0,0    0,7    9,8  23:26     64
 18   17,6   22,4  15:34   14,2  04:30    0,2    0,0    0,4    0,9    8,9  00:00     62
 19   16,9   25,8  15:36   10,2  06:37    0,6    0,0    0,0    0,3    9,4  16:06     64
 20   17,5   23,9  17:21   12,2  07:53    0,3    0,0    1,2    0,4    8,0  02:43     64
 21   17,1   23,6  14:00   12,1  06:09    0,5    0,0    7,8    0,3    6,3  21:09     82
 22   17,9   24,8  14:57   11,7  06:55    0,0    0,0    5,2    0,2    8,0  16:11     46
 23   20,0   27,9  18:43   13,1  06:01    0,0    1,1    0,8    0,1   11,2  19:58    225
 24   20,3   27,2  17:50   14,3  06:39    0,0    1,3    0,0    1,3   10,7  17:54     77
 25   15,7   20,7  19:00   12,9  08:51    1,3    0,0   14,4    0,2    8,9  03:01     63
 26   17,4   23,3  19:24   11,9  03:55    0,4    0,0    0,4    0,1    5,4  08:58    214
 27   18,1   26,1  16:59   10,8  06:53    0,0    0,0    0,0    0,3    8,0  21:39    161
 28   16,6   22,8  16:42   13,7  06:57    0,8    0,0    5,4    0,2    4,9  17:07    168
 29   15,3   21,4  13:50   12,9  23:41    1,5    0,0    2,8    0,2   11,2  14:50    323
 30   15,1   20,1  20:32   11,6  07:16    1,6    0,0    0,6    0,1    4,0  19:58    225
 31   17,9   24,1  18:11   11,9  06:58    0,0    0,0    0,0    0,2    4,9  19:01    220
---------------------------------------------------------------------------------------
      16,5   27,9     23    2,9     01   30,1    4,6   46,4    0,4   11,6     05     64
    

