                   MONTHLY CLIMATOLOGICAL SUMMARY for jun 2020


NAME: El Campillo (Rivas-Vaciamadrid)                  
ELEV: 539 metros    LAT: 39-11.40 N    LONG: 003-18.00 W


                   TEMPERATURE (C), RAIN (mm), WIND SPEED (m/s)

                                         HEAT   COOL         AVG
      MEAN                               DEG    DEG          WIND                   DOM
DAY   TEMP   HIGH   TIME    LOW   TIME   DAYS   DAYS   RAIN  SPEED   HIGH   TIME    DIR
---------------------------------------------------------------------------------------
 01   21,7   29,6  18:22   14,6  07:27    0,0    2,1    1,4    0,1    5,8  00:13     68
 02   23,2   30,8  19:25   15,9  07:17    0,0    2,9    0,0    0,0    2,7  17:52     90
 03   22,1   28,7  17:16   14,3  06:21    0,0    2,3    0,0    0,2    8,9  18:40    233
 04   19,5   24,3  17:01   15,1  09:46    0,0    0,8    0,8    0,2    8,5  13:20    285
 05   19,9   29,1  19:09    9,7  07:00    0,0    1,0    0,0    0,0    1,8  15:30     90
 06   21,9   28,0  18:27   14,7  06:44    0,0    2,1    0,0    0,3    9,4  18:30    225
 07   19,0   25,9  17:37   12,4  06:13    0,0    0,5    0,2    0,2    8,5  15:01    231
 08   16,5   22,9  16:17   11,1  06:50    0,9    0,0    0,0    0,0    2,7  13:36     90
 09   16,9   24,1  17:38    8,3  07:19    0,6    0,0    0,0    0,0    1,8  17:25     90
 10   18,9   27,0  16:31   10,4  07:17    0,0    0,5    0,0    0,0    2,7  16:16     90
 11   20,0   25,2  15:33   13,7  07:14    0,0    1,1    0,0    0,5    9,8  16:10    232
 12   15,7   21,3  16:58    9,8  06:51    1,3    0,0    1,0    0,2    9,8  18:27    231
 13   16,7   24,0  19:36    9,3  05:40    0,7    0,0    0,2    0,0    3,6  17:32     90
 14   19,2   27,1  18:45    9,3  06:46    0,0    0,7    0,0    0,1    6,3  16:20    226
 15   21,3   28,6  17:58   11,8  06:38    0,0    1,8    0,0    0,1    7,6  16:25    232
 16   20,1   26,6  17:06   13,5  05:46    0,0    1,2    0,0    0,1    9,4  20:05    271
 17   20,5   27,4  17:51   11,8  07:04    0,0    1,4    0,0    0,0    0,9  13:29     90
 18   22,4   29,8  19:06   13,3  07:05    0,0    2,4    0,0    0,0    5,4  17:59    211
 19   23,6   31,1  19:02   14,6  07:30    0,0    3,1    0,0    0,0    7,2  17:10    242
 20   24,3   33,2  17:02   12,1  07:01    0,0    3,5    0,0    0,1    5,8  18:27    232
 21   25,8   35,2  18:18   14,1  06:25    0,0    4,3    0,0    0,0    2,7  16:56     90
 22   27,3   36,3  18:01   18,0  07:09    0,0    5,2    0,0    0,0    2,7  00:57     68
 23   28,8   37,6  19:19   18,8  07:25    0,0    6,0    0,0    0,0    0,9  01:09     90
 24   27,5   33,9  19:11   22,2  07:22    0,0    5,3    0,2    0,3    8,5  03:47     67
 25   28,5   35,8  17:25   21,1  07:24    0,0    5,8    0,0    0,1    6,3  16:38    222
 26   26,0   32,0  16:08   18,3  07:12    0,0    4,5    0,0    0,1    6,7  17:11    239
 27   25,2   33,6  18:12   15,7  05:21    0,0    4,0    0,0    0,0    4,5  14:55     90
 28   26,9   35,2  18:36   16,4  06:31    0,0    5,0    0,0    0,0    3,1  16:24     90
 29   28,4   37,3  17:48   18,1  06:22    0,0    5,8    0,0    0,1    6,7  18:11    224
 30   30,0   38,4  18:32   21,2  07:33    0,0    6,7    0,0    0,0    5,8  17:29    220
---------------------------------------------------------------------------------------
      22,6   38,4     30    8,3     09    3,5   80,1    3,8    0,1    9,8     11    235
    
