                   MONTHLY CLIMATOLOGICAL SUMMARY for nov 2019


NAME: El Campillo (Rivas-Vaciamadrid)                  
ELEV: 539 metros    LAT: 39-11.40 N    LONG: 003-18.00 W


                   TEMPERATURE (C), RAIN (mm), WIND SPEED (m/s)

                                         HEAT   COOL         AVG
      MEAN                               DEG    DEG          WIND                   DOM
DAY   TEMP   HIGH   TIME    LOW   TIME   DAYS   DAYS   RAIN  SPEED   HIGH   TIME    DIR
---------------------------------------------------------------------------------------
 01   16,9   20,4  13:42   13,8  07:35    0,6    0,0    0,2    0,0    8,5  13:43    234
 02   16,2   19,1  13:28   14,2  23:55    1,0    0,0    0,2    0,6    9,8  13:40    242
 03   14,4   17,2  13:43   12,9  20:40    2,0    0,0    0,0    1,1   15,2  10:20    260
 04   13,9   17,8  15:18   10,2  23:53    2,3    0,0    1,4    0,9   12,1  12:43    234
 05   10,0   14,9  15:39    7,4  08:25    4,4    0,0    1,6    0,3    8,5  14:10    258
 06   10,3   15,2  16:00    5,6  06:16    4,3    0,0    0,0    0,0    2,2  16:00     90
 07   10,5   13,9  11:13    4,6  23:57    4,2    0,0    0,6    0,6   10,3  15:43    272
 08    8,0   13,4  15:04    3,6  06:04    5,5    0,0    0,0    0,6    8,5  16:29    270
 09    7,4   11,6  14:45    3,0  08:01    5,9    0,0    0,8    0,1    5,8  15:49    246
 10    7,2   11,5  14:19    2,3  23:39    6,0    0,0    0,2    0,3    8,9  11:40    278
 11    6,5   12,3  14:30    1,8  03:03    6,4    0,0    0,0    0,0    0,9  13:49     90
 12    8,2   13,7  14:33    2,0  07:45    5,5    0,0    0,8    0,0    1,8  16:10     90
 13   12,0   16,9  16:43    7,6  23:04    3,4    0,0    2,8    0,5   10,7  05:20    258
 14    7,7   10,7  14:16    5,3  17:26    5,7    0,0    2,6    0,3   10,3  16:30    256
 15    6,3   10,7  15:37    1,9  07:35    6,5    0,0    0,0    0,1    6,3  13:30    275
 16    5,0   11,5  15:16   -0,4  07:52    7,2    0,0    0,0    0,0    4,0  15:44     90
 17    4,7    7,9  16:48    0,2  06:18    7,4    0,0    3,4    0,1    8,0  13:51    227
 18    6,2   11,6  14:58    0,9  06:45    6,5    0,0    0,0    0,1    6,7  15:18     32
 19    3,9   10,9  15:19   -2,1  07:16    7,8    0,0    0,0    0,0    0,4  14:50     90
 20    4,8    9,8  15:17   -0,1  07:56    7,3    0,0    3,6    0,0    0,4  16:21     90
 21    7,2   10,6  15:09    5,2  00:35    6,0    0,0    1,0    0,1    3,1  14:02    217
 22    9,0   12,1  15:11    6,1  00:23    5,0    0,0    5,8    0,6    8,9  21:31    165
 23    9,1   12,8  14:50    6,5  07:19    4,9    0,0    0,2    1,1   14,3  09:20    263
 24    8,1   12,0  15:18    4,4  07:00    5,5    0,0    0,0    0,0    3,1  15:44     90
 25   11,2   16,1  15:49    8,4  01:39    3,8    0,0    0,0    0,0    4,5  11:22    225
 26   11,7   14,2  15:35   10,2  00:56    3,5    0,0    2,6    0,2    7,6  23:22    224
 27   11,4   13,8  14:08    9,2  23:52    3,7    0,0    0,2    0,6    7,6  00:44    247
 28   10,2   12,7  15:09    7,4  03:17    4,3    0,0    0,0    0,3    5,8  11:59    228
 29   12,5   15,6  14:08    9,4  01:30    3,1    0,0    0,0    0,2    5,8  06:34    227
 30   12,4   16,3  15:10    7,7  23:47    3,1    0,0    5,2    0,2    7,6  21:24    204
---------------------------------------------------------------------------------------
       9,5   20,4     01   -2,1     19  142,8    0,0   33,2    0,3   15,2     03    251
    
