                   MONTHLY CLIMATOLOGICAL SUMMARY for oct 2019


NAME: El Campillo (Rivas-Vaciamadrid)                  
ELEV: 539 metros    LAT: 39-11.40 N    LONG: 003-18.00 W


                   TEMPERATURE (C), RAIN (mm), WIND SPEED (m/s)

                                         HEAT   COOL         AVG
      MEAN                               DEG    DEG          WIND                   DOM
DAY   TEMP   HIGH   TIME    LOW   TIME   DAYS   DAYS   RAIN  SPEED   HIGH   TIME    DIR
---------------------------------------------------------------------------------------
 01   18,9   28,1  15:19   10,2  07:45    0,0    0,5    0,0    0,3    8,0  18:40    272
 02   18,3   24,7  18:38   11,2  08:10    0,0    0,2    0,0    0,1    4,5  15:30    296
 03   16,9   24,8  16:00    8,8  08:11    0,6    0,0    0,0    0,0    0,4  00:20     90
 04   18,0   29,8  18:31    8,8  06:00    0,0    0,0    0,0    0,0    0,9  18:39     90
 05   18,4   28,6  17:07    9,1  07:59    0,0    0,2    0,0    0,0    0,4  14:15     90
 06   19,0   29,7  17:32    9,4  07:57    0,0    0,5    0,0    0,0    0,4  14:12     90
 07   19,0   29,6  18:30   10,9  06:01    0,0    0,6    0,0    0,0    0,0  00:00     90
 08   20,5   30,6  18:32   10,9  08:27    0,0    1,4    0,0    0,0    0,4  15:10     90
 09   20,1   29,7  17:48   11,8  07:36    0,0    1,1    0,0    0,0    3,6  23:09     68
 10   19,9   29,0  17:59   13,7  07:42    0,0    1,1    0,0    0,0    4,9  03:34    202
 11   20,8   29,5  18:20   14,4  06:17    0,0    1,6    0,0    0,0    0,4  07:40     90
 12   21,1   27,8  18:18   16,2  21:13    0,0    1,7    2,0    0,1   14,8  20:50    265
 13   19,3   25,2  18:03   14,5  08:34    0,0    0,7    0,4    0,1    6,3  01:09     77
 14   16,1   20,2  11:52    9,6  23:59    1,0    0,0    1,0    0,5   11,6  18:16    238
 15   11,4   17,3  17:38    6,3  08:33    3,7    0,0    0,0    0,0    2,7  14:33     90
 16   12,1   19,4  18:11    5,3  08:32    3,3    0,0    0,0    0,1    5,8  15:04    225
 17   12,0   16,5  17:44    6,6  06:10    3,3    0,0    1,6    0,0    0,4  12:40     90
 18   16,3   21,0  16:51   13,7  05:31    0,9    0,0    1,0    0,0    3,6  17:18     90
 19   14,4   17,8  13:43    9,8  08:40    2,0    0,0   10,0    0,0    5,4  15:35    228
 20   10,7   13,7  15:07    6,4  23:57    4,1    0,0    0,2    0,4    7,2  06:22    239
 21    9,0   16,3  18:22    3,2  07:33    5,0    0,0    0,0    0,0    0,4  09:50     90
 22    8,5   12,1  13:57    5,9  02:06    5,3    0,0    4,4    0,0    2,7  14:07     90
 23    8,4   10,3  16:04    7,4  08:02    5,3    0,0   15,0    0,1    4,5  16:26    226
 24   11,4   17,7  17:19    6,4  08:35    3,7    0,0    0,0    0,0    2,2  08:37     44
 25   12,0   21,4  17:53    5,7  07:40    3,3    0,0    0,2    0,0    0,0  00:00     90
 26   13,1   23,9  18:16    5,9  08:35    2,7    0,0    0,2    0,0    0,0  00:00     90
 27   13,6   22,7  14:50    6,3  07:26    2,5    0,0    0,2    0,0    0,0  00:00     90
 28   15,2   22,3  15:46   10,9  03:32    1,6    0,0    0,0    0,0    0,0  00:00     90
 29   13,0   18,0  16:30    9,4  07:11    2,8    0,0    0,0    0,0    0,0  00:00     90
 30   13,8   19,0  14:13    8,2  07:47    2,3    0,0    0,2    0,0    0,0  00:00     90
 31   17,3   23,1  16:13   13,4  07:39    0,4    0,0    0,6    0,0    1,8  12:22     90
---------------------------------------------------------------------------------------
      15,4   30,6     08    3,2     21   53,8    9,6   37,0    0,1   14,8     12    245
    
