                   MONTHLY CLIMATOLOGICAL SUMMARY for jul 2026


NAME: El Campillo (Rivas-Vaciamadrid)                  
ELEV: 539 metros    LAT: 39-11.40 N    LONG: 003-18.00 W


                   TEMPERATURE (C), RAIN (mm), WIND SPEED (m/s)

                                         HEAT   COOL         AVG
      MEAN                               DEG    DEG          WIND                   DOM
DAY   TEMP   HIGH   TIME    LOW   TIME   DAYS   DAYS   RAIN  SPEED   HIGH   TIME    DIR
---------------------------------------------------------------------------------------
 01   30,0   37,7  17:43   22,0  06:55    0,0    6,7    0,0    0,0    0,0  00:00     90
 02   26,3   35,2  17:26   17,6  07:13    0,0    4,6    0,0    0,0    0,0  00:00     90
 03   28,5   38,9  20:20   19,1  06:59    0,0    5,9    0,0    0,0    0,0  00:00     90
 04   30,5   39,6  17:33   20,8  07:36    0,0    6,9    0,0    0,0    0,0  00:00     90
 05   30,5   38,6  16:08   21,2  07:35    0,0    6,9    0,0    0,0    0,0  00:00     90
 06   31,2   40,6  18:52   23,3  07:34    0,0    7,3    0,0    0,0    0,0  00:00     90
 07   29,3   40,2  15:08   20,9  07:25    0,0    6,3    0,4    0,0    0,0  00:00     90
 08   29,3   39,2  17:31   18,0  06:58    0,0    6,3    0,0    0,0    0,0  00:00     90
 09   22,3   31,1  11:19   17,5  06:52    0,0    2,4    0,0    0,0    0,0  00:00     90
 10
 11
 12
 13
 14
 15
 16
 17
 18
 19
 20
 21
 22
 23
 24
 25
 26
 27
 28
 29
 30
 31
---------------------------------------------------------------------------------------
      29,1   40,6     06   17,5     09    0,0   53,3    0,4    0,0    0,0     01     90
    
