                   MONTHLY CLIMATOLOGICAL SUMMARY for feb 2024


NAME: El Campillo (Rivas-Vaciamadrid)                  
ELEV: 539 metros    LAT: 39-11.40 N    LONG: 003-18.00 W


                   TEMPERATURE (C), RAIN (mm), WIND SPEED (m/s)

                                         HEAT   COOL         AVG
      MEAN                               DEG    DEG          WIND                   DOM
DAY   TEMP   HIGH   TIME    LOW   TIME   DAYS   DAYS   RAIN  SPEED   HIGH   TIME    DIR
---------------------------------------------------------------------------------------
 01    7,3   19,3  17:34   -0,2  07:11    6,0    0,0    0,2    0,0    0,0  00:00     90
 02    7,9   16,2  17:07    0,9  08:21    5,6    0,0    0,2    0,0    0,0  00:00     90
 03    8,4   18,3  17:30    2,2  06:37    5,3    0,0    0,0    0,0    0,0  00:00     90
 04    7,0   18,8  16:53   -0,6  08:07    6,1    0,0    0,2    0,0    0,0  00:00     90
 05    6,6   16,1  16:06   -0,3  07:17    6,3    0,0    0,0    0,0    0,0  00:00     90
 06    7,7   15,1  16:32    2,6  06:34    5,7    0,0    0,2    0,0    0,0  00:00     90
 07    8,0   12,2  17:13    2,7  05:06    5,5    0,0    0,2    0,0    0,0  00:00     90
 08    9,4   12,9  16:24    6,7  08:20    4,8    0,0    0,8    0,0    0,0  00:00     90
 09    9,9   12,6  12:22    8,3  22:28    4,5    0,0   16,4    0,0    0,0  00:00     90
 10    8,2   11,7  14:46    5,3  21:52    5,5    0,0    0,0    0,0    0,0  00:00     90
 11    5,7    9,4  15:47    2,2  08:00    6,8    0,0    0,0    0,0    0,0  00:00     90
 12    9,6   16,3  16:35    5,8  00:04    4,6    0,0    0,0    0,0    0,0  00:00     90
 13   11,8   18,2  16:25    8,1  04:27    3,5    0,0    0,0    0,0    0,0  00:00     90
 14   12,5   19,2  16:47    7,4  02:16    3,1    0,0    0,2    0,0    0,0  00:00     90
 15   11,4   14,7  13:48    8,3  04:27    3,7    0,0    4,4    0,0    0,0  00:00     90
 16   11,6   17,0  16:38    6,3  23:59    3,5    0,0    0,0    0,0    0,0  00:00     90
 17    8,7   17,8  16:39    1,7  07:23    5,2    0,0    0,0    0,0    0,0  00:00     90
 18    8,7   19,2  17:37    1,1  08:08    5,2    0,0    0,0    0,0    0,0  00:00     90
 19   10,5   20,1  16:37    2,6  05:21    4,2    0,0    0,2    0,0    0,0  00:00     90
 20   10,1   20,9  17:16    0,9  07:50    4,4    0,0    0,0    0,0    0,0  00:00     90
 21    9,0   16,9  16:09    0,9  05:29    5,0    0,0    0,0    0,0    0,0  00:03     90
 22   10,5   13,2  16:40    7,2  07:59    4,1    0,0    2,8    0,0    0,0  00:00     90
 23    6,6   11,2  16:22    2,7  08:21    6,3    0,0    0,4    0,0    0,0  00:00     90
 24    6,5   10,9  16:37    1,7  08:10    6,4    0,0    0,2    0,0    0,0  00:00     90
 25    9,9   14,3  13:49    5,5  01:10    4,5    0,0    0,0    0,0    0,0  00:00     90
 26    9,2   12,2  14:38    6,4  22:36    4,9    0,0    0,2    0,0    0,0  00:00     90
 27    7,7   11,9  16:06    2,7  06:30    5,7    0,0    0,0    0,0    0,0  00:00     90
 28    9,0   14,4  15:29    1,6  07:42    5,0    0,0    0,0    0,0    0,0  00:00     90
 29    7,6   15,7  15:19   -0,1  07:07    5,8    0,0    0,0    0,0    0,0  00:00     90
---------------------------------------------------------------------------------------
       8,9   20,9     20   -0,6     04  147,3    0,0   26,6    0,0    0,0     01     90
    
