                   MONTHLY CLIMATOLOGICAL SUMMARY for feb 2019


NAME: El Campillo (Rivas-Vaciamadrid)                  
ELEV: 539 metros    LAT: 39-11.40 N    LONG: 003-18.00 W


                   TEMPERATURE (C), RAIN (mm), WIND SPEED (m/s)

                                         HEAT   COOL         AVG
      MEAN                               DEG    DEG          WIND                   DOM
DAY   TEMP   HIGH   TIME    LOW   TIME   DAYS   DAYS   RAIN  SPEED   HIGH   TIME    DIR
---------------------------------------------------------------------------------------
 01    7,0    9,9  15:10    3,3  22:24    6,1    0,0    4,8    1,4   14,3  16:09    248
 02    5,0    9,0  13:04   -0,2  23:04    7,2    0,0    0,0    0,9   10,3  07:12    276
 03    4,6    9,2  14:35   -0,4  00:57    7,5    0,0    0,0    0,3    7,6  14:16    295
 04    2,9   11,8  17:31   -4,1  08:30    8,4    0,0    0,0    0,0    1,3  03:56     90
 05    5,7   16,2  17:05   -2,2  06:30    6,9    0,0    0,0    0,0    3,1  16:15     90
 06    6,4   16,6  16:42   -1,2  07:51    6,4    0,0    0,0    0,0    4,0  15:44    225
 07    6,6   16,2  17:26   -0,2  07:43    6,3    0,0    0,0    0,0    0,0  00:00     90
 08    6,2   15,7  16:43   -1,8  07:39    6,6    0,0    0,0    0,0    5,4  15:53    225
 09    5,7   13,4  16:27   -0,4  07:01    6,8    0,0    0,0    0,0    3,1  14:43     90
 10    7,9   12,4  14:57    2,8  07:43    5,6    0,0    0,0    0,6   13,0  15:20    254
 11    8,8   14,1  16:19    1,6  07:50    5,1    0,0    0,0    0,3    6,7  15:31     69
 12    7,1   15,7  17:16    0,7  07:37    6,0    0,0    0,0    0,0    3,1  00:00    270
 13    6,8   17,3  17:33   -1,6  07:49    6,2    0,0    0,0    0,0    2,7  15:02     90
 14    7,2   16,2  17:07   -1,7  08:19    6,0    0,0    0,0    0,1    4,0  13:00     62
 15    6,4   16,6  17:58   -1,9  07:48    6,4    0,0    0,0    0,0    3,1  12:24     90
 16    9,4   17,3  16:32    3,0  06:19    4,8    0,0    0,0    0,6    8,0  15:32     81
 17    8,0   17,8  16:52   -2,6  08:04    5,6    0,0    0,0    0,0    3,6  01:19     48
 18    8,3   15,5  16:15    0,5  07:46    5,4    0,0    0,0    0,1    4,0  14:53     70
 19    7,6   16,2  17:23    0,8  07:25    5,8    0,0    0,0    0,0    1,3  15:25     90
 20    7,5   16,3  16:40    0,3  07:34    5,8    0,0    0,0    0,0    2,7  17:02     90
 21    8,3   18,9  17:14    0,1  08:10    5,4    0,0    0,0    0,0    3,1  16:43     90
 22    8,3   19,9  17:10   -0,8  08:09    5,4    0,0    0,0    0,0    3,1  15:55    270
 23    7,6   20,3  16:28   -2,4  07:35    5,8    0,0    0,0    0,0    2,2  15:57     90
 24   10,2   20,9  16:39    1,1  07:59    4,3    0,0    0,0    0,0    5,4  17:19    202
 25   10,1   21,1  17:45    0,9  07:40    4,4    0,0    0,0    0,0    0,9  14:07     90
 26   10,6   21,4  16:46    1,6  08:03    4,1    0,0    0,0    0,1    4,5  15:29     92
 27   10,2   21,7  16:25    0,4  06:38    4,3    0,0    0,0    0,0    3,6  17:30    255
 28    9,7   20,2  16:31   -0,2  06:44    4,6    0,0    0,0    0,0    1,3  14:50     90
---------------------------------------------------------------------------------------
       7,5   21,7     27   -4,1     04  163,4    0,0    4,8    0,2   14,3     01    262
    

