                   MONTHLY CLIMATOLOGICAL SUMMARY for dic 2018


NAME: El Campillo (Rivas-Vaciamadrid)                  
ELEV: 539 metros    LAT: 39-11.40 N    LONG: 003-18.00 W


                   TEMPERATURE (C), RAIN (mm), WIND SPEED (m/s)

                                         HEAT   COOL         AVG
      MEAN                               DEG    DEG          WIND                   DOM
DAY   TEMP   HIGH   TIME    LOW   TIME   DAYS   DAYS   RAIN  SPEED   HIGH   TIME    DIR
---------------------------------------------------------------------------------------
 01    4,8   11,6  16:41   -0,1  06:28    7,3    0,0    0,2    0,0    1,8  12:18     90
 02    5,1    8,2  16:27    1,8  07:27    7,2    0,0    0,2    0,0    0,4  14:00     90
 03    6,1    7,3  16:01    4,6  00:00    6,6    0,0    0,0    0,0    1,8  14:24     90
 04    6,9   16,6  17:02    1,5  07:56    6,1    0,0    0,0    0,0    0,9  01:31     90
 05    8,0   17,7  16:42    1,8  07:32    5,6    0,0    0,2    0,0    1,8  21:45     90
 06    7,4   17,4  16:22    1,1  08:49    5,9    0,0    0,2    0,0    0,4  03:20     90
 07    3,5    6,7  16:34   -0,2  06:42    8,0    0,0    0,2    0,0    2,7  14:09     90
 08    5,4   14,8  16:41    0,9  08:10    7,0    0,0    0,2    0,0    1,3  16:01     90
 09    6,2   16,7  16:39   -0,3  08:34    6,6    0,0    0,2    0,0    0,0  00:00     90
 10    5,3   14,1  15:18   -1,1  08:27    7,1    0,0    0,2    0,0    2,2  00:09     90
 11    5,2   13,3  15:50   -1,1  08:13    7,1    0,0    0,0    0,0    0,4  16:15     90
 12    5,8    9,2  16:52    1,3  03:41    6,8    0,0    0,2    0,0    3,1  23:19     90
 13    7,0    9,8  14:43    2,9  23:42    6,1    0,0    8,2    0,4   11,6  14:55    271
 14    5,1   11,8  14:33    0,0  07:43    7,2    0,0    0,0    0,1    4,9  13:40    288
 15    4,8    9,2  19:28   -0,6  07:30    7,3    0,0    0,2    0,0    5,8  19:26    225
 16    8,7   13,3  14:53    5,0  23:20    5,2    0,0    0,2    0,2    8,5  14:03    245
 17    4,4   10,1  16:21   -0,8  08:25    7,6    0,0    0,0    0,0    1,8  02:56     90
 18    3,7    8,1  15:16   -1,2  08:08    8,0    0,0    0,2    0,0    0,4  04:06     90
 19    6,5    9,8  15:30    4,5  21:52    6,4    0,0    1,0    0,1    4,9  13:36    222
 20    7,6   11,8  16:08    5,3  00:00    5,8    0,0    0,0    0,0    2,7  16:18    225
 21    7,7    9,4  16:26    6,3  07:43    5,7    0,0    0,0    0,0    1,8  14:20     90
 22    7,9    8,8  15:09    6,3  23:58    5,6    0,0    0,0    0,0    2,2  00:00     90
 23    4,8    7,3  16:26    2,7  08:10    7,3    0,0    0,0    0,0    3,1  05:47     72
 24    4,4   10,4  16:29    1,4  09:24    7,5    0,0    0,2    0,0    1,3  15:27     90
 25    5,4   14,4  16:44    0,1  07:46    7,0    0,0    0,0    0,0    2,2  14:06     90
 26    5,4   13,7  16:08    0,7  08:58    7,0    0,0    0,2    0,0    1,3  13:09     90
 27    3,3   11,7  16:13   -2,3  08:31    8,2    0,0    0,2    0,0    0,4  13:06     90
 28    2,6   11,3  16:22   -2,9  06:25    8,5    0,0    0,0    0,0    3,1  15:32    218
 29    5,3   14,2  16:13   -0,7  04:06    7,0    0,0    0,2    0,0    3,6  15:25     90
 30    4,4   14,8  16:57   -2,3  08:26    7,6    0,0    0,0    0,0    0,9  01:58     90
 31    3,1   15,7  16:50   -3,8  07:01    8,3    0,0    0,2    0,0    0,0  00:00     90
---------------------------------------------------------------------------------------
       5,5   17,7     05   -3,8     31  214,5    0,0   12,6    0,0   11,6     13    260
    

