                   MONTHLY CLIMATOLOGICAL SUMMARY for may 2026


NAME: El Campillo (Rivas-Vaciamadrid)                  
ELEV: 539 metros    LAT: 39-11.40 N    LONG: 003-18.00 W


                   TEMPERATURE (C), RAIN (mm), WIND SPEED (m/s)

                                         HEAT   COOL         AVG
      MEAN                               DEG    DEG          WIND                   DOM
DAY   TEMP   HIGH   TIME    LOW   TIME   DAYS   DAYS   RAIN  SPEED   HIGH   TIME    DIR
---------------------------------------------------------------------------------------
 01   18,3   26,7  18:49    8,4  07:38    0,0    0,2    0,0    0,0    0,0  00:00     90
 02   16,5   22,6  17:16   13,3  23:46    0,8    0,0    3,2    0,0    0,0  00:00     90
 03   16,0   21,1  17:15   11,8  05:33    1,1    0,0    5,8    0,0    0,0  00:00     90
 04   15,2   20,8  17:27    9,8  07:33    1,6    0,0    0,0    0,0    0,0  00:00     90
 05   13,9   19,8  14:45    7,1  07:00    2,3    0,0    0,0    0,0    0,0  00:00     90
 06   14,2   22,1  20:15    5,6  07:31    2,1    0,0    0,0    0,0    0,0  00:00     90
 07   12,9   18,4  12:51    9,6  18:01    2,9    0,0   16,0    0,0    0,0  00:00     90
 08   13,4   21,1  20:05    8,4  06:14    2,6    0,0    3,8    0,0    0,0  00:00     90
 09   14,0   18,0  12:42   10,3  23:27    2,2    0,0   17,0    0,0    0,0  00:00     90
 10   11,5   15,1  20:14    8,9  06:04    3,6    0,0    7,8    0,0    0,0  00:00     90
 11   13,4   20,3  19:35    6,9  06:53    2,5    0,0    0,2    0,0    0,0  00:00     90
 12   12,4   18,7  15:02    6,8  07:21    3,1    0,0    0,2    0,0    0,0  00:00     90
 13   14,7   21,6  18:59    7,8  06:24    1,9    0,0    0,0    0,0    0,0  00:00     90
 14   16,5   22,5  16:53    9,4  06:42    0,8    0,0    0,0    0,0    0,0  00:00     90
 15   13,2   18,4  17:50    7,5  07:11    2,6    0,0    0,0    0,0    0,0  00:00     90
 16   13,2   21,4  19:54    4,2  06:43    2,7    0,0    0,0    0,0    0,0  00:00     90
 17   14,9   24,2  17:01    8,7  06:21    1,7    0,0    3,8    0,0    0,0  00:00     90
 18   16,2   24,1  17:42    7,4  06:50    1,0    0,0    0,2    0,0    0,0  00:00     90
 19   19,2   28,2  20:43    9,2  06:46    0,0    0,7    0,0    0,0    0,0  00:00     90
 20   21,4   31,9  19:16   10,2  06:36    0,0    1,9    0,0    0,0    0,0  00:00     90
 21   24,2   32,9  17:52   15,6  07:03    0,0    3,4    0,0    0,0    0,0  00:00     90
 22   24,8   31,9  16:05   15,7  07:23    0,0    3,8    0,0    0,0    0,0  00:00     90
 23   24,9   33,8  18:10   16,5  07:25    0,0    3,8    0,0    0,0    0,0  00:00     90
 24   24,7   31,9  17:12   17,4  08:10    0,0    3,7    0,0    0,0    0,0  00:00     90
 25   24,9   31,7  15:59   17,7  07:17    0,0    3,9    0,0    0,0    0,0  00:00     90
 26   24,5   34,3  20:40   14,3  07:17    0,0    3,6    0,0    0,0    0,0  00:00     90
 27   25,1   35,4  17:24   13,9  07:18    0,0    4,0    0,0    0,0    0,0  00:00     90
 28   26,6   37,2  19:44   15,8  07:26    0,0    4,8    0,0    0,0    0,0  00:00     90
 29   27,2   37,6  19:31   17,5  07:25    0,0    5,1    0,0    0,0    0,0  00:00     90
 30   26,5   36,4  15:55   14,9  06:58    0,0    4,7    0,0    0,0    0,0  00:00     90
 31   26,9   34,5  15:00   16,9  07:20    0,0    4,9    0,0    0,0    0,0  00:00     90
---------------------------------------------------------------------------------------
      18,8   37,6     29    4,2     16   35,5   48,5   58,0    0,0    0,0     01     90
    
