                     CLIMATOLOGICAL SUMMARY for year 2024


NAME: El Campillo (Rivas-Vaciamadrid)                  
ELEV: 539 metros    LAT: 39-11.40 N    LONG: 003-18.00 W


                                       TEMPERATURE (C)

                              HEAT    COOL                              MAX    MAX    MIN    MIN
          MEAN   MEAN         DEG     DEG                                >=     <=     <=     <=
 YR  MO   MAX    MIN    MEAN  DAYS    DAYS      HI  DAY     LOW  DAY     30      0      0    -20
------------------------------------------------------------------------------------------------
2024 01   12,6    2,9    7,1  187,6    0,0    19,9   24    -3,7   08      0      0      7      0
2024 02   15,4    3,5    8,9  147,3    0,0    20,9   20    -0,6   04      0      0      4      0
2024 03   16,7    5,0   10,4  130,5    0,0    25,4   23    -0,5   06      0      0      1      0
2024 04   22,0    6,5   14,1   66,3    1,6    29,8   15     2,4   24      0      0      0      0
2024 05   25,4    9,6   17,7   32,4   28,0    35,1   30     3,4   03      7      0      0      0
2024 06   29,6   14,7   22,2    1,5   70,8    36,5   25    10,4   11     14      0      0      0
2024 07   36,3   18,9   28,0    0,0  171,7    41,0   24    14,0   01     31      0      0      0
2024 08   36,3   20,1   28,2    0,0  176,4    40,3   09    14,3   15     30      0      0      0
2024 09   27,2   13,6   20,1    5,0   39,5    32,9   02     7,2   29      7      0      0      0
2024 10   21,6   11,1   15,9   40,3    3,3    28,9   01     4,7   27      0      0      0      0
2024 11   17,6    7,0   11,5  108,5    0,0    21,4   06    -0,3   28      0      0      2      0
2024 12   13,1    0,1    5,7  212,0    0,0    18,3   07    -4,1   15      0      0     17      0
------------------------------------------------------------------------------------------------
          22,9    9,4   15,8  931,4  491,2    41,0  jul    -4,1  dic     89      0     31      0


                  PRECIPITATION (mm)

                  MAX         ---DAYS OF RAIN---
                  OBS.               OVER
 YR  MO  TOTAL    DAY  DATE   0.30   3.00  30.00
------------------------------------------------
2024 01   63,6   30,6    19     10      5      1
2024 02   26,6   16,4    09      5      2      0
2024 03   96,4   11,8    09     12     12      0
2024 04    5,6    3,8    27      2      1      0
2024 05    6,2    3,8    05      3      1      0
2024 06   36,0   19,8    10      9      2      0
2024 07    0,0    0,0    01      0      0      0
2024 08   44,6   25,4    29      2      2      0
2024 09   22,0   16,6    19      2      2      0
2024 10  104,8   24,8    12     14      8      0
2024 11    8,6    2,8    01      5      0      0
2024 12    6,0    1,2    19      5      0      0
------------------------------------------------
         420,4   30,6   ene     69     35      1


           WIND SPEED (m/s)

                                DOM
 YR  MO    AVG     HI   DATE    DIR
-----------------------------------
2024 01    0,0    0,0     01     90 
2024 02    0,0    0,0     01     90 
2024 03    0,0    0,0     01     90 
2024 04    0,0    0,0     01     90 
2024 05    0,0    0,0     01     90 
2024 06    0,0    0,0     01     90 
2024 07    0,0    0,0     01     90 
2024 08    0,0    0,0     01     90 
2024 09    0,0    0,0     01     90 
2024 10    0,0    0,0     01     90 
2024 11    0,0    0,0     01     90 
2024 12    0,0    0,0     01     90 
-----------------------------------
           0,0    0,0    ene     90
