                   MONTHLY CLIMATOLOGICAL SUMMARY for feb 2018


NAME: El Campillo - Parque Regional del Sureste                  
ELEV: 539 meters    LAT: 39-11.40 N    LONG: 003-18.00 W


                   TEMPERATURE (C), RAIN (mm), WIND SPEED (m/s)

                                         HEAT   COOL         AVG
      MEAN                               DEG    DEG          WIND                   DOM
DAY   TEMP   HIGH   TIME    LOW   TIME   DAYS   DAYS   RAIN  SPEED   HIGH   TIME    DIR
---------------------------------------------------------------------------------------
 01
 02
 03
 04
 05
 06
 07
 08
 09
 10
 11
 12
 13
 14
 15    8,2   11,1  16:30    4,2  04:00   10,1    0,0    0,0    0,1    3,6  21:30     68
 16    8,6   13,3  14:30    5,2  00:00    9,8    0,0    0,0    0,2    4,5  16:00     38
 17    8,1   14,7  15:30    3,4  03:00   10,2    0,0    0,0    0,2    7,2  17:30     62
 18    7,9   13,7  16:00    0,4  08:00   10,5    0,0    0,0    0,9    8,9  17:00     66
 19    9,8   15,7  15:30    4,2  08:30    8,5    0,0    0,0    0,3    7,6  17:30    314
 20   10,4   15,4  14:00    5,2  05:30    8,0    0,0    0,0    0,6    9,8  13:30    285
 21    7,5   12,2  16:30    1,9  00:00   10,8    0,0    0,0    1,2   11,2  14:00     44
 22    3,7   11,3  16:30   -3,7  08:00   14,6    0,0    0,0    0,5    6,7  14:30     64
 23    2,7    9,9  17:00   -4,3  08:00   15,7    0,0    0,0    0,1    5,8  13:00     60
 24    2,7   12,7  16:30   -5,9  07:00   15,6    0,0    0,0    0,0    3,1  16:00    225
 25    3,9   14,5  17:00   -5,2  08:00   14,4    0,0    0,0    0,0    4,9  16:30    231
 26    6,6   17,3  15:30   -3,1  08:00   11,8    0,0    0,0    0,0    3,6  23:00    225
 27    2,9    5,6  00:30   -0,2  12:00   15,4    0,0   10,6    0,0    4,0  02:00     90
 28    8,4   12,9  16:00    4,2  04:30    9,9    0,0   16,2    0,5    8,0  16:30    188
---------------------------------------------------------------------------------------
       6,5   17,3     26   -5,9     24  165,3    0,0   26,8    0,3   11,2     21     57
    

