                   MONTHLY CLIMATOLOGICAL SUMMARY for dic 2023


NAME: El Campillo (Rivas-Vaciamadrid)                  
ELEV: 539 metros    LAT: 39-11.40 N    LONG: 003-18.00 W


                   TEMPERATURE (C), RAIN (mm), WIND SPEED (m/s)

                                         HEAT   COOL         AVG
      MEAN                               DEG    DEG          WIND                   DOM
DAY   TEMP   HIGH   TIME    LOW   TIME   DAYS   DAYS   RAIN  SPEED   HIGH   TIME    DIR
---------------------------------------------------------------------------------------
 01    8,9   13,4  03:08    5,5  23:00    5,0    0,0   12,2    0,0    0,0  00:00     90
 02    6,0   12,3  15:37    2,0  07:32    6,6    0,0    0,0    0,0    0,0  00:00     90
 03    3,6    8,8  14:27   -1,3  06:33    8,0    0,0    0,2    0,0    0,0  00:00     90
 04    7,0   11,6  16:34    4,9  05:09    6,1    0,0    1,8    0,0    0,0  00:00     90
 05    5,6    9,1  15:38    1,6  06:27    6,9    0,0    0,2    0,0    0,0  00:00     90
 06    5,5    9,8  15:46    0,7  08:09    7,0    0,0    0,0    0,0    0,0  00:00     90
 07    4,6    8,7  21:55    1,1  07:33    7,4    0,0   14,4    0,0    0,0  00:00     90
 08    8,7   13,1  14:48    4,6  23:46    5,2    0,0    1,2    0,0    0,0  00:00     90
 09    9,1   14,3  15:19    4,3  02:30    5,0    0,0    0,0    0,0    0,0  00:00     90
 10   11,6   13,3  15:06   10,5  08:56    3,6    0,0    0,0    0,0    0,0  00:00     90
 11   10,9   14,0  15:28    7,3  23:30    3,9    0,0    0,0    0,0    0,0  00:00     90
 12    8,6   13,3  17:21    4,3  05:54    5,2    0,0    4,4    0,0    0,0  00:00     90
 13    9,7   12,7  15:02    4,8  21:59    4,6    0,0    0,0    0,0    0,0  00:00     90
 14    6,0   12,4  15:21    0,3  08:43    6,7    0,0    0,0    0,0    0,0  00:00     90
 15    7,2   14,4  16:12    1,2  04:45    6,0    0,0    0,0    0,0    0,0  00:00     90
 16    4,4   13,1  16:31   -1,3  08:28    7,5    0,0    0,2    0,0    0,0  00:00     90
 17    3,5   12,5  17:03   -2,2  08:02    8,1    0,0    0,4    0,0    0,0  00:00     90
 18    3,0   12,4  16:03   -2,7  07:10    8,4    0,0    0,2    0,0    0,0  00:00     90
 19    2,8   12,3  16:13   -3,2  08:39    8,4    0,0    0,2    0,0    0,0  00:00     90
 20    5,0   12,8  15:33   -1,4  04:37    7,2    0,0    0,6    0,0    0,0  00:00     90
 21    5,7   13,2  17:03   -0,4  08:17    6,8    0,0    0,0    0,0    0,0  00:00     90
 22    5,4   15,7  16:23   -0,9  08:53    7,0    0,0    0,2    0,0    0,0  00:00     90
 23    4,3   15,1  16:09   -1,8  07:24    7,6    0,0    0,2    0,0    0,0  00:00     90
 24    3,2   13,1  16:24   -2,4  07:37    8,2    0,0    0,4    0,0    0,0  00:00     90
 25    2,2   11,7  16:22   -3,5  08:48    8,8    0,0    0,2    0,0    0,0  00:00     90
 26   -0,6    3,1  15:25   -3,7  05:18   10,3    0,0    0,2    0,0    0,0  00:00     90
 27    1,6   11,5  16:59   -3,2  09:25    9,1    0,0    0,2    0,0    0,0  00:00     90
 28    1,4    6,6  16:03   -2,8  03:41    9,2    0,0    0,2    0,0    0,0  00:00     90
 29    3,7    8,2  16:23    1,0  02:18    8,0    0,0    0,0    0,0    0,0  00:00     90
 30    4,7   12,8  16:40   -1,6  08:41    7,4    0,0    0,2    0,0    0,0  00:00     90
 31    6,6   10,1  15:16    3,3  03:05    6,3    0,0    0,0    0,0    0,0  00:00     90
---------------------------------------------------------------------------------------
       5,5   15,7     22   -3,7     26  215,6    0,0   37,8    0,0    0,0     01     90
    
