                   MONTHLY CLIMATOLOGICAL SUMMARY for may 2022


NAME: El Campillo (Rivas-Vaciamadrid)                  
ELEV: 539 metros    LAT: 39-11.40 N    LONG: 003-18.00 W


                   TEMPERATURE (C), RAIN (mm), WIND SPEED (m/s)

                                         HEAT   COOL         AVG
      MEAN                               DEG    DEG          WIND                   DOM
DAY   TEMP   HIGH   TIME    LOW   TIME   DAYS   DAYS   RAIN  SPEED   HIGH   TIME    DIR
---------------------------------------------------------------------------------------
 01   18,6   25,7  18:09   11,4  07:41    0,0    0,4    0,0    0,0    4,9  17:16     90
 02   14,0   20,8  13:42    9,5  07:12    2,2    0,0    5,6    0,0    6,7  15:12     68
 03   13,3   18,1  15:53   10,3  01:30    2,6    0,0    0,2    0,0    5,4  13:56     90
 04   15,0   20,4  17:23    9,5  06:09    1,7    0,0    0,0    0,0    3,1  18:44     68
 05   16,1   23,9  18:55    7,5  07:35    1,1    0,0    0,0    0,0    0,0  00:00     90
 06   16,9   24,8  19:15    7,8  06:36    0,6    0,0    0,0    0,0    0,4  10:31     90
 07   17,0   25,1  18:39    7,9  07:00    0,6    0,0    0,0    0,0    3,6  15:57     90
 08   19,1   27,7  18:48   10,6  07:29    0,0    0,6    0,0    0,0    0,4  01:09     90
 09   20,4   28,1  16:13   10,9  07:26    0,0    1,3    0,0    0,0    0,0  00:00     90
 10   21,5   29,8  18:50   12,1  07:06    0,0    2,0    0,0    0,0    0,9  00:35     90
 11   22,5   31,2  16:20   15,1  07:33    0,0    2,5    0,0    0,0    0,4  17:10     90
 12   21,8   28,2  18:31   16,4  07:29    0,0    2,1    0,0    0,0    4,0  10:53     90
 13   22,3   30,6  19:39   11,5  07:26    0,0    2,4    0,0    0,0    0,4  15:42     90
 14   22,0   30,7  17:57   14,2  06:24    0,0    2,2    0,0    0,0    0,4  12:30     90
 15   21,0   26,0  16:46   15,7  07:30    0,0    1,6    0,0    0,0    6,7  18:11    202
 16   19,8   28,0  18:57   10,9  06:15    0,0    1,0    0,0    0,0    0,4  16:34     90
 17   21,3   29,7  17:12   11,8  06:44    0,0    1,8    0,0    0,0    6,7  14:20    202
 18   23,3   33,5  17:27   12,0  07:02    0,0    2,9    0,0    0,0    0,4  14:14     90
 19   26,5   34,8  17:24   16,9  06:40    0,0    4,7    0,0    0,2    9,8  21:57     90
 20   26,2   33,9  17:39   18,8  07:28    0,0    4,6    0,0    0,0    7,6  20:29     82
 21   26,8   36,2  17:13   16,5  05:54    0,0    4,9    0,0    0,0    9,8  21:20    183
 22   23,9   29,2  16:48   17,8  23:58    0,0    3,3    0,0    0,0    8,0  18:30    223
 23   21,1   28,3  18:26   13,1  06:52    0,0    1,7    0,0    0,0    8,5  15:39    214
 24   17,9   24,1  12:42   12,4  06:49    0,0    0,0    0,0    0,0    6,3  15:50    281
 25   16,1   23,6  18:54    6,7  07:26    1,1    0,0    0,0    0,0    6,3  16:28    338
 26   18,9   27,7  19:52    9,1  07:22    0,0    0,5    0,0    0,0    4,5  11:17     68
 27   23,4   32,7  19:27   13,2  07:20    0,0    3,0    0,0    0,0    6,7  23:43     68
 28   25,3   34,3  19:14   15,3  07:13    0,0    4,0    0,0    0,0    6,7  00:00     68
 29   23,6   31,4  16:37   12,7  07:05    0,0    3,1    0,0    0,0    7,2  19:00     90
 30   20,1   24,2  18:41   15,0  07:20    0,0    1,2    0,0    0,1    8,0  10:46    224
 31   22,1   31,4  18:40   11,7  07:26    0,0    2,3    0,0    0,0    5,4  16:24     90
---------------------------------------------------------------------------------------
      20,6   36,2     21    6,7     25    9,8   54,1    5,8    0,0    9,8     19    114
    
