                   MONTHLY CLIMATOLOGICAL SUMMARY for sep 2024


NAME: El Campillo (Rivas-Vaciamadrid)                  
ELEV: 539 metros    LAT: 39-11.40 N    LONG: 003-18.00 W


                   TEMPERATURE (C), RAIN (mm), WIND SPEED (m/s)

                                         HEAT   COOL         AVG
      MEAN                               DEG    DEG          WIND                   DOM
DAY   TEMP   HIGH   TIME    LOW   TIME   DAYS   DAYS   RAIN  SPEED   HIGH   TIME    DIR
---------------------------------------------------------------------------------------
 01   24,6   31,8  17:38   20,3  03:45    0,0    3,7    0,2    0,0    0,0  00:00     90
 02   25,5   32,9  17:51   19,3  04:32    0,0    4,2    0,0    0,0    0,0  00:00     90
 03   25,2   31,9  18:23   19,7  08:13    0,0    4,0    0,0    0,0    0,0  00:00     90
 04   22,5   27,6  16:53   18,6  09:41    0,0    2,5    0,0    0,0    0,0  00:00     90
 05   20,9   28,0  16:56   13,6  07:42    0,0    1,6    0,0    0,0    0,0  00:00     90
 06   21,1   27,2  16:02   15,4  06:55    0,0    1,7    0,0    0,0    0,0  00:00     90
 07   19,0   26,7  16:54   10,1  07:56    0,0    0,6    0,0    0,0    0,0  00:00     90
 08   20,8   28,4  18:01   11,8  07:53    0,0    1,5    0,0    0,0    0,0  00:00     90
 09   20,7   29,8  18:39   12,0  05:47    0,0    1,5    0,0    0,0    0,0  00:00     90
 10   22,9   31,3  17:33   15,2  07:36    0,0    2,7    0,0    0,0    0,0  00:00     90
 11   23,1   30,8  18:40   15,8  07:44    0,0    2,8    0,0    0,0    0,0  00:00     90
 12   22,2   29,3  17:27   14,2  08:02    0,0    2,3    0,0    0,0    0,0  00:00     90
 13   18,5   24,0  18:04   12,7  07:59    0,0    0,3    0,0    0,0    0,0  00:00     90
 14   18,7   28,0  17:37   10,7  07:51    0,0    0,4    0,0    0,0    0,0  00:00     90
 15   21,4   31,5  17:59   12,3  08:04    0,0    1,9    0,0    0,0    0,0  00:00     90
 16   21,4   30,0  18:22    9,6  07:53    0,0    1,9    0,0    0,0    0,0  00:00     90
 17   20,6   28,1  17:05   14,2  07:57    0,0    1,5    0,0    0,0    0,0  00:00     90
 18   21,1   28,1  16:54   14,5  08:03    0,0    1,7    0,0    0,0    0,0  00:00     90
 19   18,2   25,2  17:00   14,4  21:47    0,0    0,1   16,6    0,0    0,0  00:00     90
 20   17,3   23,1  17:02   13,7  05:41    0,4    0,0    0,2    0,0    0,0  00:00     90
 21   19,5   24,1  17:50   17,1  08:20    0,0    0,8    5,0    0,0    0,0  00:00     90
 22   18,6   25,3  17:50   12,5  07:51    0,0    0,4    0,0    0,0    0,0  00:00     90
 23   17,8   24,9  17:11   10,8  07:31    0,1    0,0    0,0    0,0    0,0  00:00     90
 24   16,5   22,4  14:15   10,7  06:43    0,8    0,0    0,0    0,0    0,0  00:00     90
 25   18,8   24,8  17:47   15,0  05:55    0,0    0,5    0,0    0,0    0,0  00:00     90
 26   19,9   23,3  13:25   17,6  22:27    0,0    1,0    0,0    0,0    0,0  00:00     90
 27   17,0   22,2  16:16   12,4  07:04    0,6    0,0    0,0    0,0    0,0  00:00     90
 28   14,6   21,9  18:00    8,0  08:10    1,9    0,0    0,0    0,0    0,0  00:00     90
 29   16,0   25,8  17:26    7,2  07:10    1,1    0,0    0,0    0,0    0,0  00:00     90
 30   17,8   29,0  17:10    8,2  07:39    0,1    0,0    0,0    0,0    0,0  00:00     90
---------------------------------------------------------------------------------------
      20,1   32,9     02    7,2     29    5,0   39,5   22,0    0,0    0,0     01     90
    
