                   MONTHLY CLIMATOLOGICAL SUMMARY for feb 2026


NAME: El Campillo (Rivas-Vaciamadrid)                  
ELEV: 539 metros    LAT: 39-11.40 N    LONG: 003-18.00 W


                   TEMPERATURE (C), RAIN (mm), WIND SPEED (m/s)

                                         HEAT   COOL         AVG
      MEAN                               DEG    DEG          WIND                   DOM
DAY   TEMP   HIGH   TIME    LOW   TIME   DAYS   DAYS   RAIN  SPEED   HIGH   TIME    DIR
---------------------------------------------------------------------------------------
 01    6,6    8,8  16:50    3,9  04:21    6,3    0,0    7,6    0,0    0,0  00:00     90
 02    7,3   10,0  03:05    4,9  16:46    6,0    0,0   11,0    0,0    0,0  00:00     90
 03    5,8    9,2  16:51    4,0  08:24    6,8    0,0    1,6    0,0    0,0  00:00     90
 04    6,5    9,9  16:20    3,3  05:16    6,4    0,0    8,6    0,0    0,0  00:00     90
 05   10,0   14,5  14:00    7,2  03:40    4,5    0,0   15,8    0,0    0,0  00:10     90
 06    7,9    9,4  15:59    5,0  23:56    5,6    0,0    2,0    0,0    0,0  00:10     90
 07    5,4    7,8  12:06    4,2  02:42    7,0    0,0   12,4    0,0    0,0  00:00     90
 08    7,5   11,7  15:41    4,9  05:43    5,8    0,0    2,6    0,0    0,0  00:00     90
 09    8,7   12,3  23:58    5,3  02:47    5,2    0,0    6,8    0,0    0,0  00:00     90
 10   13,3   14,4  17:12   12,2  02:25    2,6    0,0    7,4    0,0    0,0  00:00     90
 11   12,8   15,1  16:35   11,0  09:22    2,9    0,0    4,0    0,0    0,0  00:00     90
 12   10,4   14,2  14:30    7,6  08:15    4,2    0,0    0,4    0,0    0,0  00:00     90
 13    9,0   11,8  16:22    7,3  23:55    5,0    0,0    9,6    0,0    0,0  00:00     90
 14    7,2   11,5  16:36    1,9  23:50    6,0    0,0    0,0    0,0    0,0  00:00     90
 15    6,9   14,8  15:26   -0,7  03:37    6,1    0,0    0,0    0,0    0,0  00:00     90
 16   10,5   15,7  14:40    6,6  07:50    4,2    0,0    0,0    0,0    0,0  00:00     90
 17   11,6   17,6  14:50    7,7  00:00    3,5    0,0    0,0    0,0    0,0  00:10     90
 18    9,3   12,8  16:10    6,7  02:40    4,8    0,0    1,4    0,0    0,0  00:10     90
 19    8,0   12,7  15:17    3,3  23:57    5,6    0,0    0,0    0,0    0,0  00:10     90
 20    6,6   15,9  17:11   -0,2  08:10    6,3    0,0    0,0    0,0    0,0  00:00     90
 21    8,5   20,2  16:24    0,9  04:42    5,3    0,0    0,0    0,0    0,0  00:00     90
 22    8,9   20,9  17:13    0,1  08:04    5,1    0,0    0,0    0,0    0,0  00:00     90
 23   10,2   22,1  16:45    1,3  07:18    4,3    0,0    0,0    0,0    0,0  00:00     90
 24   10,8   22,6  16:57    2,0  07:35    4,0    0,0    0,0    0,0    0,0  00:00     90
 25   11,4   23,0  16:24    2,6  07:30    3,7    0,0    0,0    0,0    0,0  00:00     90
 26   12,2   23,4  16:34    3,4  07:37    3,2    0,0    0,0    0,0    0,0  00:00     90
 27   11,4   21,3  15:56    3,2  07:25    3,7    0,0    0,0    0,0    0,0  00:00     90
 28   12,1   18,7  17:39    5,4  08:06    3,3    0,0    0,0    0,0    0,0  00:00     90
---------------------------------------------------------------------------------------
       9,2   23,4     26   -0,7     15  137,5    0,0   91,2    0,0    0,0     01     90
    
