                   MONTHLY CLIMATOLOGICAL SUMMARY for oct 2021


NAME: El Campillo (Rivas-Vaciamadrid)                  
ELEV: 539 metros    LAT: 39-11.40 N    LONG: 003-18.00 W


                   TEMPERATURE (C), RAIN (mm), WIND SPEED (m/s)

                                         HEAT   COOL         AVG
      MEAN                               DEG    DEG          WIND                   DOM
DAY   TEMP   HIGH   TIME    LOW   TIME   DAYS   DAYS   RAIN  SPEED   HIGH   TIME    DIR
---------------------------------------------------------------------------------------
 01   17,7   25,7  16:21   11,0  06:41    0,2    0,0    0,0    0,0    1,3  16:30     90
 02   17,9   26,4  15:15   10,1  08:18    0,0    0,0    0,0    0,0    5,4  16:03    222
 03   15,8   19,2  17:33   12,3  23:59    1,2    0,0    9,2    0,1    5,4  15:44    284
 04   12,6   20,1  17:55    6,7  08:21    3,0    0,0    0,0    0,0    4,0  14:43    202
 05   15,1   23,7  15:49    8,4  08:26    1,6    0,0    0,0    0,1    6,7  15:50    274
 06   16,6   23,8  17:13    9,9  08:08    0,8    0,0    0,0    0,0    2,7  15:46     90
 07   16,1   26,5  17:52    7,5  08:26    1,0    0,0    0,0    0,0    0,9  16:53     90
 08   16,6   27,2  17:54    7,3  08:23    0,8    0,0    0,0    0,0    1,3  23:14     90
 09   16,8   24,7  17:39    8,9  07:54    0,7    0,0    0,0    0,0    5,8  03:35     68
 10   16,5   23,6  17:12   10,7  06:47    0,8    0,0    0,0    0,0    3,1  16:26     68
 11   16,5   22,9  16:05   10,5  07:36    0,8    0,0    0,0    0,0    6,7  14:57     70
 12   16,5   23,8  17:32   10,2  08:11    0,8    0,0    0,0    0,0    3,1  17:09     90
 13   16,2   26,0  17:58    7,4  08:18    1,0    0,0    0,0    0,0    6,7  11:40     66
 14   15,1   24,7  17:43    7,1  08:35    1,6    0,0    0,0    0,0    2,7  03:04     90
 15   15,1   24,8  17:04    7,7  07:49    1,6    0,0    0,0    0,0    1,8  15:31     90
 16   13,7   21,1  15:50    6,5  07:30    2,4    0,0    0,0    0,0    0,0  00:00     90
 17   17,3   23,3  17:40   12,9  08:20    0,4    0,0    1,6    0,0    1,8  09:02     90
 18   16,6   24,1  17:15    9,8  08:34    0,8    0,0    0,0    0,0    0,0  00:00     90
 19   18,0   25,6  17:39   12,1  08:13    0,0    0,0    0,0    0,0    2,7  23:30     90
 20   18,0   25,1  16:51   10,4  08:38    0,0    0,0    0,0    0,0    5,8  18:44    218
 21   16,0   22,2  16:19   11,1  06:32    1,1    0,0    0,0    0,0    1,8  14:14     90
 22   15,1   20,4  16:29   11,1  08:59    1,6    0,0    0,0    0,8    7,6  04:52     68
 23   12,4   20,2  17:23    5,8  08:35    3,1    0,0    0,0    0,0    4,0  00:44     68
 24   10,6   21,1  17:24    1,8  08:44    4,1    0,0    0,0    0,0    2,2  15:56     90
 25   11,0   20,7  16:02    2,8  08:39    3,9    0,0    0,0    0,0    0,0  00:00     90
 26   12,8   20,8  15:39    5,7  06:53    2,9    0,0    0,0    0,0    4,0  16:50     68
 27   11,7   21,1  16:12    4,3  08:38    3,5    0,0    0,0    0,0    1,3  14:40     90
 28   11,6   20,7  16:57    4,3  05:21    3,5    0,0    0,0    0,0    5,8  15:52    215
 29   12,9   15,7  13:29   11,6  09:13    2,8    0,0   14,6    0,0    4,9  14:10     90
 30   15,9   18,9  15:05   13,0  00:00    1,2    0,0   23,4    0,0    5,8  14:26    234
 31   16,3   20,6  13:00   13,4  00:06    0,9    0,0   18,2    0,1    9,4  13:30    236
---------------------------------------------------------------------------------------
      15,2   27,2     08    1,8     24   48,3    0,0   67,0    0,0    9,4     31     71
    
