                   MONTHLY CLIMATOLOGICAL SUMMARY for nov 2018


NAME: El Campillo (Rivas-Vaciamadrid)                  
ELEV: 539 metros    LAT: 39-11.40 N    LONG: 003-18.00 W


                   TEMPERATURE (C), RAIN (mm), WIND SPEED (m/s)

                                         HEAT   COOL         AVG
      MEAN                               DEG    DEG          WIND                   DOM
DAY   TEMP   HIGH   TIME    LOW   TIME   DAYS   DAYS   RAIN  SPEED   HIGH   TIME    DIR
---------------------------------------------------------------------------------------
 01    8,9   14,8  16:17    3,8  06:46    5,0    0,0    0,0    0,0    3,1  15:08    225
 02   12,6   19,5  15:22    7,5  00:52    3,0    0,0    0,0    0,1    5,8  15:36    338
 03    8,9   17,6  17:00    2,1  07:33    5,0    0,0    0,0    0,0    3,1  13:42     90
 04    8,1   16,7  15:34    0,4  07:58    5,5    0,0    0,0    0,0    5,4  17:29    220
 05    9,2   11,6  14:29    6,8  20:26    4,9    0,0    8,4    0,4    8,5  12:10    226
 06    8,7   12,3  14:18    5,6  06:35    5,2    0,0    0,0    0,5    8,5  13:20    227
 07   10,4   15,4  15:14    7,3  23:41    4,2    0,0    0,6    0,2    6,7  13:45    228
 08    8,9   14,2  14:17    4,7  05:26    5,1    0,0    1,4    0,0    5,4  20:20    192
 09    9,1   13,5  14:14    4,3  04:58    4,9    0,0    0,0    0,3    6,3  10:58    248
 10   11,5   14,1  12:45    9,4  05:02    3,6    0,0    0,8    0,3    7,6  12:47    222
 11   13,4   17,1  14:52   11,3  08:28    2,6    0,0    0,8    0,0    3,6  17:00    215
 12   11,7   14,8  15:30    8,9  04:08    3,5    0,0    0,2    0,0    0,4  05:52     90
 13   11,1   18,1  16:57    6,2  07:36    3,8    0,0    0,2    0,0    1,8  14:02     90
 14   12,1   17,4  15:07    7,3  05:26    3,3    0,0    0,0    0,0    4,0  16:43     60
 15   13,5   17,7  15:02    9,9  08:00    2,5    0,0    5,2    0,0    4,9  15:51     68
 16   13,4   16,9  16:18   11,2  06:54    2,6    0,0    0,4    0,0    3,6  23:09     56
 17   13,1   17,4  15:10    9,1  08:12    2,7    0,0    0,0    0,1    4,0  02:35     62
 18   11,3   13,7  12:15   10,1  22:20    3,7    0,0    2,2    0,9    9,4  14:30     75
 19   10,7   14,7  13:39    8,9  08:06    4,0    0,0    1,2    0,0    4,9  00:10    197
 20   10,0   13,3  15:06    8,5  23:46    4,5    0,0    2,4    0,4    8,9  15:06    232
 21    8,6   13,6  13:47    5,5  21:44    5,2    0,0    1,4    0,1    7,2  12:05    225
 22    8,4   12,8  13:24    4,2  04:41    5,3    0,0    0,2    0,0    4,5  13:05    181
 23    8,5   12,5  14:41    3,9  23:56    5,3    0,0    2,0    0,1    8,0  16:28    228
 24    5,1   10,1  16:45    0,4  07:35    7,2    0,0    0,2    0,0    0,4  12:55     90
 25   10,1   15,3  14:59    6,3  00:00    4,4    0,0    6,6    0,2    7,2  12:56    241
 26    9,3   12,9  14:46    5,1  23:57    4,9    0,0    0,8    0,5   11,2  03:20    271
 27    6,3   13,3  15:57    2,2  08:09    6,5    0,0    0,0    0,0    2,7  14:23     90
 28    4,8   12,5  15:13   -0,4  08:17    7,3    0,0    0,2    0,0    2,2  14:16     90
 29    5,2   12,3  14:08   -1,4  07:48    7,1    0,0    2,8    0,0    0,9  13:48     90
 30    7,2   12,4  15:42    2,6  23:59    6,0    0,0    1,8    0,0    0,9  13:26     90
---------------------------------------------------------------------------------------
       9,7   19,5     02   -1,4     29  138,8    0,0   39,8    0,1   11,2     26    227
    

