                   MONTHLY CLIMATOLOGICAL SUMMARY for dic 2022


NAME: El Campillo (Rivas-Vaciamadrid)                  
ELEV: 539 metros    LAT: 39-11.40 N    LONG: 003-18.00 W


                   TEMPERATURE (C), RAIN (mm), WIND SPEED (m/s)

                                         HEAT   COOL         AVG
      MEAN                               DEG    DEG          WIND                   DOM
DAY   TEMP   HIGH   TIME    LOW   TIME   DAYS   DAYS   RAIN  SPEED   HIGH   TIME    DIR
---------------------------------------------------------------------------------------
 01    7,3   13,2  16:01    2,6  08:06    5,9    0,0    0,0    0,0    0,0  00:00     90
 02    5,5   11,2  15:51    2,8  08:16    6,9    0,0    0,0    0,0    0,0  00:00     90
 03    4,4   10,4  15:23   -1,0  06:48    7,6    0,0    0,0    0,0    0,0  00:00     90
 04    4,9    7,4  17:00    2,7  07:31    7,3    0,0    1,0    0,0    0,0  00:00     90
 05    7,6    9,9  20:04    5,5  03:53    5,8    0,0    7,2    0,0    0,4  07:22     90
 06   10,0   12,3  12:44    8,4  05:20    4,5    0,0    0,0    0,0    0,0  00:00     90
 07    9,5   13,7  15:35    7,1  23:57    4,7    0,0    0,2    0,0    0,0  00:00     90
 08    9,3   13,1  14:58    6,9  01:42    4,8    0,0   15,0    0,0    5,8  14:20    112
 09    8,9   11,2  14:38    7,6  07:12    5,0    0,0    5,8    0,0    1,3  15:10     90
 10    9,2   13,4  15:00    7,3  01:13    4,9    0,0    1,0    0,0    3,6  13:27     90
 11    7,7    9,3  21:10    5,9  09:16    5,7    0,0   10,4    0,0    0,4  01:31     90
 12   11,2   14,4  21:40    7,7  03:07    3,8    0,0    9,6    0,1    6,7  14:06    258
 13   13,5   14,7  14:21   12,1  23:57    2,5    0,0   39,2    0,2    8,0  22:32    255
 14   11,6   14,7  15:54    9,7  23:54    3,6    0,0   15,6    0,2   10,3  15:55    158
 15    9,4   12,2  15:17    7,3  23:34    4,8    0,0    0,6    0,1    6,7  13:33    241
 16    8,8   12,0  12:30    5,7  05:35    5,1    0,0    0,8    0,0    0,0  00:00     90
 17    9,8   12,6  15:17    8,3  06:46    4,6    0,0    0,6    0,0    0,0  00:00     90
 18    8,5   12,8  16:51    5,7  23:58    5,3    0,0    0,0    0,0    0,0  00:00     90
 19    7,3   12,8  16:45    2,9  04:26    5,9    0,0    0,2    0,0    0,0  00:00     90
 20    7,3   10,7  14:09    3,9  07:05    6,0    0,0    4,2    0,0    0,4  10:24     90
 21   10,5   13,9  14:52    7,1  05:25    4,2    0,0    0,2    0,1    5,8  12:30    249
 22   12,1   15,6  15:57   10,4  06:29    3,3    0,0    0,0    0,0    5,8  13:41    255
 23   11,2   12,3  15:17    9,7  21:35    3,8    0,0    0,0    0,0    0,0  00:00     90
 24    8,7   11,3  15:35    5,9  21:37    5,1    0,0    0,0    0,0    0,0  00:00     90
 25    9,3   16,5  15:24    4,3  07:52    4,8    0,0    0,2    0,0    0,0  00:00     90
 26    8,6   17,6  16:56    2,8  08:39    5,2    0,0    0,0    0,0    0,0  00:00     90
 27    7,2   15,9  16:26    1,7  08:45    6,0    0,0    0,2    0,0    0,0  00:00     90
 28    6,5   14,6  16:13    0,4  06:54    6,4    0,0    0,2    0,0    0,0  00:00     90
 29    9,4   12,7  16:43    6,1  05:17    4,8    0,0    0,2    0,0    0,4  15:53     90
 30   11,5   14,6  14:58    7,8  23:00    3,6    0,0    0,0    0,0    7,2  03:44    243
 31    7,5   15,8  16:31    1,7  08:46    5,8    0,0    0,0    0,0    0,0  00:00     90
---------------------------------------------------------------------------------------
       8,8   17,6     26   -1,0     03  157,6    0,0  112,4    0,0   10,3     14    247
    
