                   MONTHLY CLIMATOLOGICAL SUMMARY for oct 2025


NAME: El Campillo (Rivas-Vaciamadrid)                  
ELEV: 539 metros    LAT: 39-11.40 N    LONG: 003-18.00 W


                   TEMPERATURE (C), RAIN (mm), WIND SPEED (m/s)

                                         HEAT   COOL         AVG
      MEAN                               DEG    DEG          WIND                   DOM
DAY   TEMP   HIGH   TIME    LOW   TIME   DAYS   DAYS   RAIN  SPEED   HIGH   TIME    DIR
---------------------------------------------------------------------------------------
 01   19,3   28,1  17:34   10,9  08:18    0,0    0,7    0,0    0,0    0,0  00:00     90
 02   19,7   29,9  18:13   10,0  08:11    0,0    0,9    0,0    0,0    0,0  00:00     90
 03   18,6   29,4  15:19    8,7  07:36    0,0    0,3    0,0    0,0    0,0  00:00     90
 04   20,3   31,1  17:14   10,8  06:54    0,0    1,3    0,0    0,0    0,0  00:00     90
 05   19,2   26,3  17:06   12,7  06:45    0,0    0,7    0,0    0,0    0,0  00:00     90
 06   17,3   27,9  18:03   10,2  07:21    0,4    0,0    0,0    0,0    0,0  00:00     90
 07   19,2   29,6  17:11   11,3  05:08    0,0    0,7    0,0    0,0    0,0  00:00     90
 08   19,9   29,7  16:32   11,3  08:18    0,0    1,1    0,0    0,0    0,0  00:00     90
 09   20,0   26,4  17:12   14,6  07:35    0,0    1,1    0,2    0,0    0,0  00:00     90
 10   17,6   22,1  16:38   12,4  05:59    0,2    0,0    0,0    0,0    0,0  00:00     90
 11   18,4   23,1  14:50   12,0  08:09    0,0    0,2    0,0    0,0    0,0  00:00     90
 12   17,9   23,5  18:24   13,4  08:36    0,1    0,0    0,0    0,0    0,0  00:00     90
 13   18,5   23,8  18:28   14,3  08:36    0,0    0,3    0,0    0,0    0,0  00:00     90
 14   17,6   25,7  17:59   10,2  08:16    0,2    0,0    0,0    0,0    0,0  00:00     90
 15   17,6   26,4  17:55    9,8  08:33    0,2    0,0    0,0    0,0    0,0  00:00     90
 16   17,9   26,2  17:32   12,4  01:49    0,0    0,0    0,0    0,0    0,0  00:00     90
 17   16,7   25,1  17:32   11,4  06:50    0,7    0,0    0,0    0,0    0,0  00:00     90
 18   16,2   26,4  17:31    8,7  08:45    1,0    0,0    0,0    0,0    0,0  00:00     90
 19   15,8   24,4  17:25    7,6  07:49    1,2    0,0    0,0    0,0    0,0  00:00     90
 20   18,0   22,8  17:00   13,8  06:02    0,0    0,0    1,0    0,0    0,0  00:00     90
 21   16,8   22,9  15:38   13,8  07:32    0,7    0,0   10,8    0,0    0,0  00:00     90
 22   18,1   22,4  16:59   14,4  07:09    0,0    0,1    0,2    0,0    0,0  00:00     90
 23   19,9   24,4  17:08   17,1  23:59    0,0    1,0    0,0    0,0    0,0  00:00     90
 24   17,7   22,6  17:47   14,5  07:40    0,2    0,0    0,0    0,0    0,0  00:00     90
 25   16,9   21,1  16:51   13,9  22:15    0,6    0,0    2,0    0,0    0,0  00:00     90
 26   13,0   17,8  15:04    7,4  23:29    2,8    0,0    3,8    0,0    0,0  00:00     90
 27    9,9   19,2  16:15    2,4  07:35    4,5    0,0    0,0    0,0    0,0  00:00     90
 28   11,3   21,9  16:00    2,2  07:48    3,7    0,0    0,6    0,0    0,0  00:00     90
 29   12,2   15,5  17:37    9,8  07:45    3,2    0,0   20,0    0,0    0,0  00:00     90
 30   13,7   17,7  14:37   11,3  23:42    2,4    0,0    0,0    0,0    0,0  00:00     90
 31   13,1   17,4  15:40    9,4  04:03    2,7    0,0    0,2    0,0    0,0  00:00     90
---------------------------------------------------------------------------------------
      17,0   31,1     04    2,2     28   24,9    8,4   38,8    0,0    0,0     01     90
    
