                   MONTHLY CLIMATOLOGICAL SUMMARY for mar 2024


NAME: El Campillo (Rivas-Vaciamadrid)                  
ELEV: 539 metros    LAT: 39-11.40 N    LONG: 003-18.00 W


                   TEMPERATURE (C), RAIN (mm), WIND SPEED (m/s)

                                         HEAT   COOL         AVG
      MEAN                               DEG    DEG          WIND                   DOM
DAY   TEMP   HIGH   TIME    LOW   TIME   DAYS   DAYS   RAIN  SPEED   HIGH   TIME    DIR
---------------------------------------------------------------------------------------
 01    7,3   14,4  16:41    0,4  07:30    5,9    0,0    0,0    0,0    0,0  00:00     90
 02    6,2    9,4  13:42    1,4  20:54    6,6    0,0   10,8    0,0    0,0  00:00     90
 03    6,1   10,9  15:44    1,8  06:29    6,6    0,0    0,2    0,0    0,0  00:00     90
 04    9,3   14,0  16:15    6,1  00:56    4,9    0,0    0,0    0,0    0,0  00:00     90
 05    7,9   14,9  16:41    1,7  07:46    5,6    0,0    0,0    0,0    0,0  00:00     90
 06    7,1   16,1  16:29   -0,5  06:56    6,1    0,0    0,0    0,0    0,0  00:00     90
 07    7,4   13,4  15:11    1,7  06:32    5,9    0,0    5,4    0,0    0,0  00:00     90
 08    7,0   11,3  15:34    3,9  01:00    6,1    0,0    8,4    0,0    0,0  00:10     90
 09    5,9    8,8  15:01    3,1  21:47    6,7    0,0   11,8    0,0    0,0  00:00     90
 10    7,9   12,7  17:56    4,3  00:00    5,6    0,0    5,6    0,0    0,0  00:00     90
 11    9,5   14,9  15:23    4,6  00:00    4,7    0,0    0,0    0,0    0,0  00:00     90
 12    8,6   17,4  17:32    0,7  06:59    5,2    0,0    0,0    0,0    0,0  00:10     90
 13   10,6   20,9  17:03    2,9  03:27    4,1    0,0    0,0    0,0    0,0  00:00     90
 14   10,2   17,0  12:53    3,5  07:06    4,3    0,0    0,2    0,0    0,0  00:00     90
 15   11,6   19,3  16:30    3,6  07:25    3,6    0,0    0,2    0,0    0,0  00:00     90
 16   12,2   20,3  16:56    5,3  06:17    3,2    0,0    0,0    0,0    0,0  00:00     90
 17   14,3   22,4  15:12    6,3  07:08    2,1    0,0    0,2    0,0    0,0  00:00     90
 18   14,3   22,3  16:33    6,5  07:29    2,1    0,0    0,0    0,0    0,0  00:00     90
 19   16,3   24,9  15:44    9,9  05:48    0,9    0,0    0,0    0,0    0,0  00:00     90
 20   15,9   23,9  14:39    8,2  07:06    1,2    0,0    0,0    0,0    0,0  00:00     90
 21   17,5   24,6  15:06   12,7  23:41    0,3    0,0    0,0    0,0    0,0  00:00     90
 22   16,8   25,2  16:50    9,7  03:13    0,7    0,0    0,0    0,0    0,0  00:00     90
 23   16,5   25,4  15:27    9,1  06:12    0,8    0,0    0,0    0,0    0,0  00:00     90
 24   15,6   23,3  15:30   10,3  06:00    1,4    0,0    0,0    0,0    0,0  00:00     90
 25   12,0   14,3  18:01    9,6  23:57    3,3    0,0    4,6    0,0    0,0  00:00     90
 26    6,6   10,7  16:46    3,2  22:16    6,3    0,0    5,8    0,0    0,0  00:00     90
 27    8,9   14,4  13:24    4,0  00:00    5,0    0,0    3,2    0,0    0,0  00:00     90
 28   11,6   16,6  17:09    7,4  06:22    3,6    0,0    9,8    0,0    0,0  00:00     90
 29    7,7   11,6  02:05    3,8  23:16    5,7    0,0   10,0    0,0    0,0  00:00     90
 30    7,6   12,4  13:10    3,8  00:53    5,8    0,0    8,8    0,0    0,0  00:00     90
 31    6,6   10,9  17:34    4,5  01:39    6,4    0,0   11,4    0,0    0,0  00:00     90
---------------------------------------------------------------------------------------
      10,4   25,4     23   -0,5     06  130,5    0,0   96,4    0,0    0,0     01     90
    
