                   MONTHLY CLIMATOLOGICAL SUMMARY for dic 2024


NAME: El Campillo (Rivas-Vaciamadrid)                  
ELEV: 539 metros    LAT: 39-11.40 N    LONG: 003-18.00 W


                   TEMPERATURE (C), RAIN (mm), WIND SPEED (m/s)

                                         HEAT   COOL         AVG
      MEAN                               DEG    DEG          WIND                   DOM
DAY   TEMP   HIGH   TIME    LOW   TIME   DAYS   DAYS   RAIN  SPEED   HIGH   TIME    DIR
---------------------------------------------------------------------------------------
 01    9,3   16,8  15:51    2,9  06:28    4,8    0,0    0,2    0,0    0,0  00:00     90
 02   10,7   16,0  14:47    7,1  08:38    4,1    0,0    1,0    0,0    0,0  00:00     90
 03    8,9   15,4  15:08    3,2  06:59    5,1    0,0    0,6    0,0    0,0  00:00     90
 04    9,7   15,2  14:11    4,3  23:39    4,6    0,0    0,2    0,0    0,0  00:00     90
 05    8,4   14,9  15:52    3,3  00:43    5,3    0,0    0,0    0,0    0,0  00:00     90
 06    8,7   17,3  16:28    4,2  06:16    5,1    0,0    0,0    0,0    0,0  00:00     90
 07    9,3   18,3  15:23    3,9  03:31    4,8    0,0    0,2    0,0    0,0  00:00     90
 08    6,1   11,9  13:56    0,4  08:30    6,6    0,0    0,0    0,0    0,0  00:00     90
 09    5,1   10,5  14:17   -0,6  03:31    7,2    0,0    0,0    0,0    0,0  00:00     90
 10    5,4   11,0  14:36   -2,2  08:21    7,0    0,0    0,0    0,0    0,0  00:00     90
 11    6,4    9,0  12:12    4,3  23:58    6,4    0,0    0,0    0,0    0,0  00:00     90
 12    5,0   10,6  14:18   -0,9  06:19    7,2    0,0    0,0    0,0    0,0  00:00     90
 13    6,4    9,4  15:05    1,8  23:55    6,4    0,0    0,8    0,0    0,0  00:00     90
 14    1,8    9,2  16:58   -2,4  07:10    9,0    0,0    0,2    0,0    0,0  00:03     90
 15    1,6   11,8  16:24   -4,1  08:08    9,1    0,0    0,2    0,0    0,0  00:00     90
 16    3,9   11,8  16:48   -2,6  08:05    7,8    0,0    0,0    0,0    0,0  00:00     90
 17    3,1   12,1  16:20   -2,8  07:20    8,3    0,0    0,2    0,0    0,0  00:00     90
 18    4,8   13,1  16:10   -0,9  08:43    7,3    0,0    0,0    0,0    0,0  00:00     90
 19    8,2   15,7  16:25    3,1  03:51    5,5    0,0    1,2    0,0    0,0  00:00     90
 20    4,9   11,8  15:10   -1,2  08:43    7,3    0,0    0,0    0,0    0,0  00:00     90
 21    2,6   12,1  16:23   -4,1  08:32    8,6    0,0    0,2    0,0    0,0  00:00     90
 22    3,4   13,3  16:36   -2,7  08:29    8,1    0,0    0,0    0,0    0,0  00:00     90
 23    6,2   11,9  14:03    0,4  03:35    6,6    0,0    0,0    0,0    0,0  00:00     90
 24    6,4   15,9  16:52   -1,4  07:33    6,4    0,0    0,0    0,0    0,0  00:00     90
 25    6,8   16,6  17:08    0,5  08:32    6,2    0,0    0,0    0,0    0,0  00:00     90
 26    4,9   13,9  16:26   -0,9  08:48    7,3    0,0    0,2    0,0    0,0  00:00     90
 27    6,5   13,7  15:44    1,4  04:37    6,4    0,0    0,2    0,0    0,0  00:00     90
 28    3,8   11,8  16:48   -2,2  08:45    7,9    0,0    0,0    0,0    0,0  00:00     90
 29    3,1   12,1  16:18   -3,2  08:07    8,3    0,0    0,4    0,0    0,0  00:00     90
 30    2,5   10,5  15:34   -3,1  08:27    8,6    0,0    0,0    0,0    0,0  00:00     90
 31    2,5   12,9  16:27   -3,9  08:31    8,6    0,0    0,2    0,0    0,0  00:00     90
---------------------------------------------------------------------------------------
       5,7   18,3     07   -4,1     15  212,0    0,0    6,0    0,0    0,0     01     90
    
