                   MONTHLY CLIMATOLOGICAL SUMMARY for feb 2020


NAME: El Campillo (Rivas-Vaciamadrid)                  
ELEV: 539 metros    LAT: 39-11.40 N    LONG: 003-18.00 W


                   TEMPERATURE (C), RAIN (mm), WIND SPEED (m/s)

                                         HEAT   COOL         AVG
      MEAN                               DEG    DEG          WIND                   DOM
DAY   TEMP   HIGH   TIME    LOW   TIME   DAYS   DAYS   RAIN  SPEED   HIGH   TIME    DIR
---------------------------------------------------------------------------------------
 01   12,9   17,6  14:51    9,0  23:40    2,8    0,0    0,2    0,2    5,8  07:19    248
 02   11,2   13,1  15:54    9,2  00:00    3,8    0,0    0,0    0,0    0,0  00:00     90
 03   10,8   17,2  17:24    6,5  09:09    4,0    0,0    0,0    0,0    0,0  00:00     90
 04    8,9   18,2  17:13    2,6  07:30    5,0    0,0    0,2    0,0    0,9  22:43     90
 05    8,3   15,2  16:36    1,9  06:53    5,4    0,0    0,0    0,0    0,4  01:03     90
 06    6,4   12,2  16:02    0,7  05:51    6,5    0,0    0,0    0,0    0,0  00:00     90
 07    6,9   13,0  17:22    1,9  08:37    6,2    0,0    0,0    0,0    0,4  12:46     90
 08    6,7   11,2  17:08    2,8  03:34    6,3    0,0    0,2    0,0    0,0  00:00     90
 09    8,6   12,8  15:50    5,3  00:00    5,2    0,0    0,0    0,0    0,0  00:00     90
 10    9,5   17,7  17:43    5,7  01:56    4,7    0,0    0,0    0,0    0,0  00:00     90
 11    8,5   11,3  16:27    5,0  02:32    5,3    0,0    0,0    0,0    0,0  00:00     90
 12    9,9   10,9  15:37    9,3  07:48    4,5    0,0    0,0    0,0    0,0  00:00     90
 13   10,3   14,9  17:29    7,0  23:54    4,3    0,0    0,0    0,0    0,4  16:00     90
 14    8,3   15,2  17:39    4,5  02:26    5,4    0,0    0,0    0,0    0,0  00:00     90
 15    7,2   16,9  17:09    0,0  07:19    6,0    0,0    0,2    0,0    0,0  00:00     90
 16    8,9   18,1  16:50    0,5  08:27    5,0    0,0    0,2    0,0    2,2  14:38     90
 17    9,4   15,3  15:40    4,9  05:29    4,8    0,0    0,0    0,0    0,0  00:00     90
 18    8,5   14,6  16:16    3,8  06:40    5,3    0,0    0,2    0,0    0,4  12:22     90
 19    8,1   16,1  16:15    2,2  08:13    5,5    0,0    0,0    0,0    0,4  00:16     90
 20    6,9   17,5  17:37   -0,8  07:30    6,2    0,0    0,0    0,0    0,0  00:00     90
 21    9,7   20,9  17:21    1,6  07:49    4,6    0,0    0,0    0,0    0,0  00:00     90
 22    8,7   21,8  17:20   -1,1  07:44    5,2    0,0    0,0    0,0    0,0  00:00     90
 23   10,2   22,4  16:55    0,3  08:00    4,4    0,0    0,0    0,0    0,0  00:00     90
 24    9,7   21,4  16:56    0,2  07:45    4,6    0,0    0,0    0,0    0,0  00:00     90
 25    9,2   19,4  15:34    0,7  07:25    4,9    0,0    0,0    0,1    8,5  17:29    280
 26   10,6   16,6  16:06    4,9  07:53    4,1    0,0    0,0    0,0    5,4  20:16     90
 27   11,0   19,4  15:04    3,2  07:57    3,9    0,0    0,0    0,0    6,3  14:28    236
 28   10,1   19,8  15:51    1,7  06:37    4,4    0,0    0,0    0,0    0,0  00:00     90
 29   10,3   14,9  14:02    6,5  01:55    4,3    0,0    0,0    0,2   10,7  15:49    237
---------------------------------------------------------------------------------------
       9,2   22,4     23   -1,1     22  142,5    0,0    1,2    0,0   10,7     29    251
    
