                     CLIMATOLOGICAL SUMMARY for year 2025


NAME: El Campillo (Rivas-Vaciamadrid)                  
ELEV: 539 metros    LAT: 39-11.40 N    LONG: 003-18.00 W


                                       TEMPERATURE (C)

                              HEAT    COOL                              MAX    MAX    MIN    MIN
          MEAN   MEAN         DEG     DEG                                >=     <=     <=     <=
 YR  MO   MAX    MIN    MEAN  DAYS    DAYS      HI  DAY     LOW  DAY     30      0      0    -20
------------------------------------------------------------------------------------------------
2025 01   12,3    1,8    6,5  198,2    0,0    19,2   11    -7,2   15      0      0      9      0
2025 02   15,6    2,0    8,2  152,1    0,0    19,2   18    -2,8   06      0      0      7      0
2025 03   11,5    5,3    8,2   87,5    0,0    14,6   04     2,2   02      0      0      0      0
2025 04
2025 05
2025 06   37,1   20,2   28,8    0,0  102,8    39,4   24    14,9   20     17      0      0      0
2025 07   33,1   17,4   25,9    0,0  105,9    39,9   16    13,8   22     21      0      0      0
2025 08   36,0   19,6   27,9    0,0  169,8    41,5   16    14,0   31     26      0      0      0
2025 09   29,2   13,4   21,2    7,3   60,2    37,1   18     6,2   26     15      0      0      0
2025 10   24,2   11,1   17,0   24,9    8,4    31,1   04     2,2   28      1      0      0      0
2025 11   15,2    4,1    9,0  150,1    0,0    24,9   12    -4,2   22      0      0      7      0
2025 12   11,4    3,2    6,9  190,8    0,0    15,8   13    -2,9   31      0      0      7      0
------------------------------------------------------------------------------------------------
          22,3    9,4   15,5  810,9  447,2    41,5  ago    -7,2  ene     80      0     30      0


                  PRECIPITATION (mm)

                  MAX         ---DAYS OF RAIN---
                  OBS.               OVER
 YR  MO  TOTAL    DAY  DATE   0.30   3.00  30.00
------------------------------------------------
2025 01   42,2    7,2    27     11      6      0
2025 02   21,0    8,6    11      6      2      0
2025 03  102,2   15,0    02     15     10      0
2025 04
2025 05
2025 06   24,8   23,0    26      3      1      0
2025 07    0,0    0,0    01      0      0      0
2025 08    0,0    0,0    01      0      0      0
2025 09    2,8    1,6    21      3      0      0
2025 10   38,8   20,0    29      6      3      0
2025 11   52,0   13,0    14      7      6      0
2025 12   29,8    9,2    10     10      4      0
------------------------------------------------
         313,6   23,0   jun     61     32      0


           WIND SPEED (m/s)

                                DOM
 YR  MO    AVG     HI   DATE    DIR
-----------------------------------
2025 01    0,0    0,0     01     90 
2025 02    0,0    0,0     01     90 
2025 03    0,0    0,0     01     90 
2025 04
2025 05
2025 06    0,0    0,0     14     90 
2025 07    0,0    0,0     01     90 
2025 08    0,0    0,0     01     90 
2025 09    0,0    0,0     01     90 
2025 10    0,0    0,0     01     90 
2025 11    0,0    0,0     01     90 
2025 12    0,0    0,0     01     90 
-----------------------------------
           0,0    0,0    ene     90
