                   MONTHLY CLIMATOLOGICAL SUMMARY for jul 2023


NAME: El Campillo (Rivas-Vaciamadrid)                  
ELEV: 539 metros    LAT: 39-11.40 N    LONG: 003-18.00 W


                   TEMPERATURE (C), RAIN (mm), WIND SPEED (m/s)

                                         HEAT   COOL         AVG
      MEAN                               DEG    DEG          WIND                   DOM
DAY   TEMP   HIGH   TIME    LOW   TIME   DAYS   DAYS   RAIN  SPEED   HIGH   TIME    DIR
---------------------------------------------------------------------------------------
 01   25,5   33,8  20:31   16,6  07:18    0,0    4,2    0,0    0,0    0,0  00:00     90
 02   27,9   35,8  18:37   20,1  07:11    0,0    5,5    0,0    0,0    0,0  00:00     90
 03   29,0   36,7  18:35   21,3  07:00    0,0    6,1    0,0    0,0    0,0  00:00     90
 04   27,8   35,4  17:17   19,7  05:46    0,0    5,4    0,0    0,0    0,0  00:00     90
 05   26,0   34,6  16:25   15,8  05:45    0,0    4,4    0,0    0,0    0,0  00:00     90
 06   27,5   34,3  18:14   21,6  06:57    0,0    5,3    0,0    0,0    0,0  00:00     90
 07   27,7   35,3  18:43   21,5  07:08    0,0    5,4    0,0    0,0    0,0  00:00     90
 08   26,6   33,9  17:29   18,1  07:08    0,0    4,8    0,0    0,0    0,0  00:00     90
 09   26,8   36,3  18:44   15,9  06:46    0,0    4,9    0,0    0,0    0,0  00:00     90
 10   29,6   40,1  20:14   18,0  06:38    0,0    6,4    0,0    0,0    0,0  00:00     90
 11   30,9   39,5  15:31   20,6  06:53    0,0    7,2    0,0    0,0    0,0  00:00     90
 12   27,6   35,2  19:09   18,4  07:12    0,0    5,3    0,0    0,0    0,0  00:00     90
 13   28,0   36,3  18:45   18,8  05:14    0,0    5,6    0,0    0,0    0,0  00:00     90
 14   29,0   37,3  16:58   18,8  07:10    0,0    6,1    0,0    0,0    0,0  00:00     90
 15   26,7   32,7  18:00   19,4  07:21    0,0    4,8    0,0    0,0    0,0  00:03     90
 16   26,6   35,7  18:50   16,3  06:57    0,0    4,8    0,0    0,0    0,0  00:00     90
 17   29,6   40,8  19:05   18,8  07:12    0,0    6,4    0,0    0,0    0,0  00:00     90
 18   32,2   40,4  16:14   23,3  07:36    0,0    7,9    0,0    0,0    0,0  00:00     90
 19   31,4   38,4  18:27   23,3  07:33    0,0    7,5    0,0    0,0    0,0  00:00     90
 20   28,8   35,7  15:14   20,3  07:14    0,0    6,0    0,0    0,0    0,0  00:00     90
 21   26,9   33,0  14:52   18,8  06:09    0,0    4,9    0,0    0,0    0,0  00:00     90
 22   26,2   34,7  18:17   17,2  07:36    0,0    4,5    0,0    0,0    0,0  00:00     90
 23   27,3   37,2  18:07   16,5  07:23    0,0    5,2    0,0    0,0    0,0  00:00     90
 24   25,9   33,1  17:32   17,8  07:34    0,0    4,4    0,0    0,0    0,0  00:00     90
 25   24,9   33,1  18:31   15,2  07:01    0,0    3,8    0,0    0,0    0,0  00:00     90
 26   26,0   34,9  18:00   16,9  07:28    0,0    4,5    0,0    0,0    0,0  00:00     90
 27   28,0   34,7  16:31   21,1  02:14    0,0    5,6    0,0    0,0    0,0  00:00     90
 28   26,9   35,2  18:23   17,0  07:33    0,0    4,9    0,0    0,0    0,0  00:00     90
 29   27,7   36,2  18:34   16,6  07:36    0,0    5,4    0,0    0,0    0,0  00:00     90
 30   29,4   37,6  17:26   18,4  07:35    0,0    6,3    0,0    0,0    0,0  00:00     90
 31   30,5   37,8  18:02   21,8  07:22    0,0    6,9    0,0    0,0    0,0  00:00     90
---------------------------------------------------------------------------------------
      27,9   40,8     17   15,2     25    0,0  170,4    0,0    0,0    0,0     01     90
    
