                     CLIMATOLOGICAL SUMMARY for year 2022


NAME: El Campillo (Rivas-Vaciamadrid)                  
ELEV: 539 metros    LAT: 39-11.40 N    LONG: 003-18.00 W


                                       TEMPERATURE (C)

                              HEAT    COOL                              MAX    MAX    MIN    MIN
          MEAN   MEAN         DEG     DEG                                >=     <=     <=     <=
 YR  MO   MAX    MIN    MEAN  DAYS    DAYS      HI  DAY     LOW  DAY     30      0      0    -20
------------------------------------------------------------------------------------------------
2022 01   12,7   -1,6    4,5  232,9    0,0    18,2   30    -5,4   19      0      0     24      0
2022 02   16,4    1,6    8,4  148,6    0,0    21,0   22    -3,1   20      0      0      8      0
2022 03   14,3    6,0    9,8  140,7    0,0    18,8   29     0,5   01      0      0      0      0
2022 04   18,8    5,9   12,0   99,6    0,3    27,8   16    -1,7   03      0      0      2      0
2022 05   28,2   12,4   20,6    9,8   54,1    36,2   21     6,7   25     11      0      0      0
2022 06   32,4   16,1   24,9    0,0  114,5    39,9   14    11,0   24     17      0      0      0
2022 07   37,9   20,7   29,4    0,0  197,0    41,9   14    14,0   01     31      0      0      0
2022 08   35,5   19,9   27,7    0,0  167,2    39,7   02    13,2   18     27      0      0      0
2022 09   28,2   14,3   21,3    7,1   62,0    36,2   11     7,3   27      8      0      0      0
2022 10   25,2   11,8   17,9   13,4   11,0    30,8   04     6,0   01      2      0      0      0
2022 11   16,6    6,2   10,9  118,0    0,0    22,4   02    -0,2   29      0      0      2      0
2022 12   13,0    5,7    8,8  157,6    0,0    17,6   26    -1,0   03      0      0      1      0
------------------------------------------------------------------------------------------------
          23,3   10,0   16,4  927,6  606,1    41,9  jul    -5,4  ene     96      0     37      0


                  PRECIPITATION (mm)

                  MAX         ---DAYS OF RAIN---
                  OBS.               OVER
 YR  MO  TOTAL    DAY  DATE   0.30   3.00  30.00
------------------------------------------------
2022 01    9,4    4,0    05      2      2      0
2022 02    3,8    2,2    25      3      0      0
2022 03   55,2   14,0    03     14      5      0
2022 04   54,4   13,0    22      9      4      0
2022 05    5,8    5,6    02      1      1      0
2022 06    1,4    1,4    23      1      0      0
2022 07    6,0    6,0    30      1      1      0
2022 08    1,4    0,6    17      3      0      0
2022 09   19,8   10,8    13      3      2      0
2022 10   19,4    6,4    20      7      3      0
2022 11   37,8    7,4    21     13      6      0
2022 12  112,4   39,2    13     13      8      1
------------------------------------------------
         326,8   39,2   dic     70     32      1


           WIND SPEED (m/s)

                                DOM
 YR  MO    AVG     HI   DATE    DIR
-----------------------------------
2022 01    0,0   10,3     04     18 
2022 02    0,1   13,0     01     63 
2022 03    0,2   13,4     14     85 
2022 04    0,0   11,6     10    116 
2022 05    0,0    9,8     19    114 
2022 06    0,0   13,9     16    111 
2022 07    0,0   15,2     30     80 
2022 08    0,1   11,2     11    104 
2022 09    0,0   12,5     13    196 
2022 10    0,0   11,6     19    222 
2022 11    0,1   16,5     21    242 
2022 12    0,0   10,3     14    247 
-----------------------------------
           0,1   16,5    nov     94
