                   MONTHLY CLIMATOLOGICAL SUMMARY for ene 2026


NAME: El Campillo (Rivas-Vaciamadrid)                  
ELEV: 539 metros    LAT: 39-11.40 N    LONG: 003-18.00 W


                   TEMPERATURE (C), RAIN (mm), WIND SPEED (m/s)

                                         HEAT   COOL         AVG
      MEAN                               DEG    DEG          WIND                   DOM
DAY   TEMP   HIGH   TIME    LOW   TIME   DAYS   DAYS   RAIN  SPEED   HIGH   TIME    DIR
---------------------------------------------------------------------------------------
 01    0,6    3,9  23:43   -3,5  08:09    9,6    0,0    0,2    0,0    0,0  00:00     90
 02    7,0   10,8  14:56    3,8  00:00    6,1    0,0    0,2    0,0    0,0  00:00     90
 03    9,0   13,9  16:00    6,0  09:46    5,0    0,0    0,0    0,0    0,0  00:00     90
 04    7,9   12,9  15:02    4,0  23:48    5,6    0,0    1,6    0,0    0,0  00:00     90
 05    1,8    6,4  16:52   -1,2  07:33    9,0    0,0    4,4    0,0    0,0  00:00     90
 06    1,4    6,5  15:09   -5,4  07:26    9,2    0,0    0,0    0,0    0,0  00:00     90
 07    1,0    8,9  17:07   -5,1  06:08    9,4    0,0    0,0    0,0    0,0  00:00     90
 08    3,4    5,1  18:57    0,4  01:35    8,1    0,0    0,2    0,0    0,0  00:00     90
 09    8,6   13,7  14:49    4,4  00:00    5,2    0,0    0,0    0,0    0,0  00:00     90
 10    5,6   11,5  16:07   -0,3  08:39    6,9    0,0    0,0    0,0    0,0  00:00     90
 11    3,2   11,4  16:35   -3,1  08:21    8,2    0,0    0,0    0,0    0,0  00:00     90
 12    6,0   10,8  16:09    3,6  00:25    6,6    0,0    0,4    0,0    0,0  00:00     90
 13    6,1   12,4  15:04   -0,9  07:07    6,6    0,0    2,2    0,0    0,0  00:00     90
 14    7,1   11,8  16:12    1,7  23:49    6,1    0,0    0,6    0,0    0,0  00:00     90
 15    3,7    8,7  16:23   -0,9  04:13    7,9    0,0    3,4    0,0    0,0  00:00     90
 16    7,0   11,3  15:58    4,0  23:41    6,1    0,0    1,6    0,0    0,0  00:00     90
 17    3,6    4,8  03:47    1,3  09:54    8,0    0,0   18,0    0,0    0,0  00:00     90
 18    4,4   10,5  17:18    0,0  08:48    7,6    0,0    0,2    0,0    0,0  00:00     90
 19    3,5   12,2  16:48   -2,4  08:40    8,0    0,0    0,0    0,0    0,0  00:00     90
 20    3,1   11,9  16:43   -2,8  08:26    8,3    0,0    0,2    0,0    0,0  00:00     90
 21    4,4    7,8  21:50   -0,4  05:04    7,5    0,0   11,2    0,0    0,0  00:00     90
 22    6,0    9,8  13:43    2,6  08:35    6,6    0,0    3,2    0,0    0,0  00:00     90
 23    5,0    9,4  15:42    2,2  22:53    7,2    0,0    7,4    0,0    0,0  00:00     90
 24    3,5    7,3  17:01    0,6  08:40    8,1    0,0    0,0    0,0    0,0  00:00     90
 25    7,3   12,1  15:05    2,2  03:18    5,9    0,0    1,2    0,0    0,0  00:00     90
 26    8,0   10,9  20:49    4,8  03:39    5,6    0,0    5,6    0,0    0,0  00:00     90
 27    7,9   10,2  01:28    3,6  21:50    5,6    0,0   11,0    0,0    0,0  00:00     90
 28    5,7   10,9  16:59    1,6  11:07    6,9    0,0   11,4    0,0    0,0  00:03     90
 29    9,0   12,3  13:45    6,1  03:07    5,0    0,0   18,8    0,0    0,0  00:00     90
 30    8,0   10,9  13:42    6,2  06:34    5,6    0,0    4,6    0,0    0,0  00:00     90
 31    7,8   12,6  16:38    3,4  06:45    5,7    0,0    0,0    0,0    0,0  00:00     90
---------------------------------------------------------------------------------------
       5,4   13,9     03   -5,4     06  217,5    0,0  107,6    0,0    0,0     01     90
    
