                   MONTHLY CLIMATOLOGICAL SUMMARY for abr 2019


NAME: El Campillo (Rivas-Vaciamadrid)                  
ELEV: 539 metros    LAT: 39-11.40 N    LONG: 003-18.00 W


                   TEMPERATURE (C), RAIN (mm), WIND SPEED (m/s)

                                         HEAT   COOL         AVG
      MEAN                               DEG    DEG          WIND                   DOM
DAY   TEMP   HIGH   TIME    LOW   TIME   DAYS   DAYS   RAIN  SPEED   HIGH   TIME    DIR
---------------------------------------------------------------------------------------
 01   11,6   17,6  16:43    8,3  08:53    3,6    0,0    0,8    0,0    0,4  02:14     90
 02    9,8   13,3  11:58    7,8  06:39    4,6    0,0    0,8    0,0    0,0  00:00     90
 03
 04
 05
 06
 07
 08   13,9   17,6  17:02    9,4  10:05    2,3    0,0    0,0    0,4    9,8  15:47    234
 09    8,7   13,9  18:35    5,0  07:49    5,2    0,0    5,2    0,0   10,3  15:20    251
 10    9,9   15,6  17:51    5,1  07:19    4,5    0,0    0,0    0,0    5,8  12:10     90
 11   10,0   17,3  16:35    1,4  07:47    4,5    0,0    0,0    0,1    8,9  15:14     18
 12   11,0   19,8  18:34    1,3  07:20    3,9    0,0    0,0    0,0    2,7  13:45     90
 13   12,7   22,7  18:28    1,0  07:10    2,9    0,0    0,0    0,0    3,6  18:09     90
 14   16,2   25,1  18:31    6,6  08:10    1,0    0,0    0,0    0,0    4,5  16:01    218
 15   17,2   25,9  16:52   10,3  07:28    0,4    0,0    0,0    0,4    9,8  17:31    226
 16   14,7   22,8  18:06    5,9  07:27    1,8    0,0    0,0    0,0    7,6  23:47     90
 17   16,4   24,3  16:20   10,3  08:21    0,9    0,0    1,2    0,6    9,4  18:17     87
 18   10,9   14,6  00:00    9,6  12:04    3,9    0,0   22,4    0,5    5,4  02:29     68
 19   10,0   11,9  12:00    9,3  23:50    4,4    0,0    8,0    0,4    4,0  03:20     54
 20   13,4   18,7  15:37    8,6  01:33    2,6    0,0    1,4    1,2   11,2  13:34     68
 21   10,8   12,9  14:38    8,8  07:51    4,0    0,0    0,0    0,3    7,6  14:39     68
 22   13,0   18,7  16:35    6,7  07:35    2,8    0,0    0,0    0,0    3,1  15:04     90
 23   10,4   13,5  16:18    6,9  23:56    4,2    0,0    1,2    0,2   10,3  17:10    228
 24    8,4   12,8  16:39    4,8  06:03    5,4    0,0   12,8    0,5    9,8  16:40    189
 25   10,6   14,4  17:18    7,9  23:58    4,1    0,0    2,6    0,9   13,0  17:06    229
 26   12,2   19,6  18:48    5,4  07:33    3,2    0,0    0,0    0,0    4,5  16:20    271
 27   13,6   22,8  19:23    3,7  07:26    2,4    0,0    0,0    0,0    0,9  15:33     90
 28   17,2   26,6  19:28    9,3  07:31    0,5    0,0    0,0    0,0    1,3  12:51     90
 29   18,4   26,6  15:29   10,6  07:34    0,0    0,2    0,0    0,0    2,2  06:31     90
 30   19,5   27,3  17:57   10,4  07:04    0,0    0,8    0,0    0,1    4,5  23:20     68
---------------------------------------------------------------------------------------
      12,9   27,3     30    1,0     13   73,1    1,1   56,4    0,2   13,0     25    101
    
