                   MONTHLY CLIMATOLOGICAL SUMMARY for jul 2021


NAME: El Campillo (Rivas-Vaciamadrid)                  
ELEV: 539 metros    LAT: 39-11.40 N    LONG: 003-18.00 W


                   TEMPERATURE (C), RAIN (mm), WIND SPEED (m/s)

                                         HEAT   COOL         AVG
      MEAN                               DEG    DEG          WIND                   DOM
DAY   TEMP   HIGH   TIME    LOW   TIME   DAYS   DAYS   RAIN  SPEED   HIGH   TIME    DIR
---------------------------------------------------------------------------------------
 01   25,8   34,2  19:19   15,6  06:26    0,0    4,3    0,0    0,1    7,2  16:26    232
 02   26,2   35,0  16:49   13,8  07:31    0,0    4,5    0,0    0,2    8,0  16:24    223
 03   25,8   33,2  16:48   16,9  06:58    0,0    4,3    0,0    0,3    9,8  17:20    225
 04   26,1   32,7  18:33   17,8  07:09    0,0    4,5    0,0    0,2    6,7  13:22    217
 05   26,6   34,7  16:40   16,7  06:40    0,0    4,8    0,0    0,3    8,9  17:00    228
 06   20,8   26,0  00:01   18,4  23:57    0,0    1,6    0,4    0,0    5,4  12:44    207
 07   20,0   27,3  17:29   11,1  07:18    0,0    1,1    0,0    0,1    6,7  17:14    268
 08   22,0   30,7  19:20   13,7  07:01    0,0    2,2    0,0    0,1    6,3  12:29     59
 09   25,7   34,9  20:04   16,8  07:21    0,0    4,3    0,0    0,1    5,4  14:32     68
 10   28,9   38,2  19:04   20,1  07:36    0,0    6,0    0,0    0,1    5,8  15:30    230
 11   30,4   40,8  16:23   20,2  07:47    0,0    6,9    0,0    0,2    8,0  19:45    236
 12   25,3   31,6  00:00   19,8  07:35    0,0    4,1    0,0    0,6    9,4  14:40    277
 13   21,0   29,0  20:16   13,9  07:08    0,0    1,7    0,0    0,1    5,4  00:13     44
 14   21,7   29,1  17:22   13,9  06:58    0,0    2,1    0,0    0,0    4,9  13:50      3
 15   23,9   32,9  18:56   15,3  06:13    0,0    3,3    0,0    0,0    5,4  13:22     71
 16   27,1   36,4  19:23   18,1  07:15    0,0    5,1    0,0    0,0    4,5  15:59    202
 17   29,5   39,2  19:26   17,3  07:27    0,0    6,4    0,0    0,0    5,4  16:01     71
 18   29,8   37,8  15:35   19,4  07:29    0,0    6,5    0,0    0,1    5,8  17:15      2
 19   28,7   37,3  17:37   19,7  07:18    0,0    5,9    0,0    0,0    5,8  16:35    267
 20   28,2   36,8  16:48   17,9  07:33    0,0    5,7    0,0    0,1    6,3  16:07    216
 21   28,2   37,9  18:42   16,8  06:41    0,0    5,6    0,0    0,0    4,0  15:48    207
 22   30,1   38,1  17:53   20,4  07:16    0,0    6,7    0,0    0,1    6,7  18:28    203
 23   27,1   34,9  18:14   17,9  06:53    0,0    5,1    0,0    0,3    8,5  13:10    231
 24   24,5   32,7  19:00   14,9  07:19    0,0    3,6    0,0    0,1    7,2  14:54    223
 25   24,1   32,5  17:59   14,6  06:10    0,0    3,4    0,0    0,1    6,3  23:57    259
 26   23,2   30,9  17:13   15,7  06:04    0,0    2,9    1,6    0,1    6,7  00:49     44
 27   26,8   34,6  17:52   19,3  07:37    0,0    4,9    0,0    0,1    6,7  16:40    230
 28   27,7   36,7  16:55   16,8  07:14    0,0    5,4    0,0    0,1    5,8  16:07    200
 29   29,2   36,7  19:07   21,7  07:12    0,0    6,2    0,0    0,1    6,3  17:25    226
 30   28,1   34,9  18:06   19,6  07:18    0,0    5,6    0,0    0,2    6,3  11:58    219
 31   22,2   28,2  14:48   17,2  07:11    0,0    2,3    0,0    0,5   10,7  16:14     77
---------------------------------------------------------------------------------------
      26,0   40,8     11   11,1     07    0,0  137,1    2,0    0,1   10,7     31    234
    
