                     CLIMATOLOGICAL SUMMARY for year 2020


NAME: El Campillo (Rivas-Vaciamadrid)                  
ELEV: 539 metros    LAT: 39-11.40 N    LONG: 003-18.00 W


                                       TEMPERATURE (C)

                              HEAT    COOL                              MAX    MAX    MIN    MIN
          MEAN   MEAN         DEG     DEG                                >=     <=     <=     <=
 YR  MO   MAX    MIN    MEAN  DAYS    DAYS      HI  DAY     LOW  DAY     30      0      0    -20
------------------------------------------------------------------------------------------------
2020 01   11,3    1,3    5,5  215,5    0,0    15,9   31    -5,1   12      0      0     14      0
2020 02   16,4    3,4    9,2  142,5    0,0    22,4   23    -1,1   22      0      0      3      0
2020 03   16,8    4,9   10,5  129,0    0,0    26,2   12    -1,3   08      0      0      2      0
2020 04   19,3    8,6   13,6   74,0    0,0    23,8   25     0,7   02      0      0      0      0
2020 05   26,9   12,1   19,2   19,7   40,5    34,3   23     5,9   06     10      0      0      0
2020 06   30,0   14,3   22,6    3,5   80,1    38,4   30     8,3   09     13      0      0      0
2020 07   36,6   19,5   28,3    0,0  177,3    41,3   27    16,0   03     31      0      0      0
2020 08   33,6   17,3   25,5    0,4  129,3    39,9   07     9,6   30     24      0      0      0
2020 09   27,9   14,0   20,7    6,1   51,9    34,4   05     5,2   28     11      0      0      0
2020 10   20,4    7,1   13,4   80,1    0,0    28,0   09     0,5   17      0      0      0      0
2020 11   16,1    5,8   10,3  128,4    0,0    22,7   19    -0,5   22      0      0      3      0
2020 12   11,0    2,6    6,7  194,6    0,0    16,7   01    -4,9   27      0      0      8      0
------------------------------------------------------------------------------------------------
          22,2    9,3   15,5  993,7  479,0    41,3  jul    -5,1  ene     89      0     30      0


                  PRECIPITATION (mm)

                  MAX         ---DAYS OF RAIN---
                  OBS.               OVER
 YR  MO  TOTAL    DAY  DATE   0.30   3.00  30.00
------------------------------------------------
2020 01   15,2    7,2    25      6      1      0
2020 02    1,2    0,2    01      0      0      0
2020 03   66,8   23,6    31     12      5      0
2020 04   75,2   17,6    19     12      7      0
2020 05   44,6   14,2    15      6      5      0
2020 06    3,8    1,4    01      3      0      0
2020 07   14,4   12,2    09      3      1      0
2020 08   25,4   25,2    11      1      1      0
2020 09   18,2    8,6    18      4      2      0
2020 10   37,2   11,8    20      8      5      0
2020 11   48,0   22,4    07      9      4      0
2020 12   20,2    4,8    08     10      2      0
------------------------------------------------
         370,2   25,2   ago     74     33      0


           WIND SPEED (m/s)

                                DOM
 YR  MO    AVG     HI   DATE    DIR
-----------------------------------
2020 01    0,3   13,4     19     68 
2020 02    0,0   10,7     29    251 
2020 03    0,2   15,6     02    275 
2020 04    0,1    9,8     04     96 
2020 05    0,1   11,6     31     85 
2020 06    0,1    9,8     11    235 
2020 07    0,2   13,4     12     92 
2020 08    0,0   13,0     10    283 
2020 09    0,0    9,4     24     71 
2020 10    0,0   19,2     21    225 
2020 11    0,2   17,0     06     80 
2020 12    0,2   14,3     27    260 
-----------------------------------
           0,1   19,2    oct     82
