                   MONTHLY CLIMATOLOGICAL SUMMARY for oct 2020


NAME: El Campillo (Rivas-Vaciamadrid)                  
ELEV: 539 metros    LAT: 39-11.40 N    LONG: 003-18.00 W


                   TEMPERATURE (C), RAIN (mm), WIND SPEED (m/s)

                                         HEAT   COOL         AVG
      MEAN                               DEG    DEG          WIND                   DOM
DAY   TEMP   HIGH   TIME    LOW   TIME   DAYS   DAYS   RAIN  SPEED   HIGH   TIME    DIR
---------------------------------------------------------------------------------------
 01   17,8   24,2  16:16   10,6  08:09    0,1    0,0    0,0    0,0    5,8  16:49     90
 02   13,7   16,9  00:00   10,3  23:35    2,4    0,0    9,4    0,7   12,5  16:30    264
 03   12,3   18,5  17:55    7,4  08:09    3,2    0,0    0,0    0,1    9,4  00:26    264
 04   12,3   19,6  17:35    6,1  06:27    3,2    0,0    0,0    0,0    8,0  15:28    233
 05   14,3   20,4  17:57    8,0  08:22    2,0    0,0    0,0    0,0    1,3  03:26     90
 06   16,6   26,1  17:33    8,0  08:28    0,8    0,0    0,0    0,0    0,4  16:01     90
 07   17,7   26,9  17:58    9,4  08:24    0,2    0,0    0,0    0,0    0,0  00:00     90
 08   17,8   27,2  17:13    9,8  07:24    0,1    0,0    0,0    0,0    0,4  12:11     90
 09   17,8   28,0  17:14    9,3  08:21    0,1    0,0    0,0    0,0    1,3  17:10     90
 10   17,5   25,7  16:34   10,4  07:17    0,3    0,0    0,0    0,0    4,9  14:57     90
 11   13,4   19,8  17:09    7,4  08:27    2,6    0,0    0,0    0,0    4,0  19:25     90
 12   12,9   19,9  18:16    7,1  08:18    2,8    0,0    0,0    0,0    0,4  12:17     90
 13   14,1   24,1  17:34    4,7  08:19    2,1    0,0    0,0    0,0    1,3  15:58     90
 14   13,8   18,8  16:15    8,8  23:54    2,3    0,0    0,0    0,0    3,1  11:56     90
 15   10,6   17,9  15:44    2,9  07:57    4,1    0,0    0,0    0,0    0,4  14:33     90
 16    9,1   16,3  17:28    1,2  08:17    5,0    0,0    0,0    0,0    0,4  15:28     90
 17    9,0   20,0  18:09    0,5  07:34    5,0    0,0    0,0    0,0    0,0  00:00     90
 18   11,4   21,9  17:33    2,2  08:37    3,7    0,0    0,0    0,0    0,0  00:00     90
 19   15,5   26,1  16:53    5,7  05:13    1,4    0,0    0,0    0,0    3,6  20:18     90
 20   16,9   22,6  20:39   12,4  09:31    0,6    0,0   11,8    0,3   13,9  21:50    132
 21   15,1   19,8  00:17   12,7  08:42    1,6    0,0    5,2    0,2   19,2  00:50    150
 22   14,4   17,6  16:48   12,3  23:57    2,0    0,0    1,8    0,0    0,4  15:36     90
 23   11,4   16,6  15:38    8,1  08:24    3,7    0,0    4,6    0,0    5,4  14:21     90
 24   10,2   16,4  16:28    5,8  08:15    4,3    0,0    0,4    0,0    2,2  16:11     90
 25   11,1   16,7  13:38    7,0  05:20    3,8    0,0    3,2    0,2   10,7  13:13    227
 26    9,3   14,1  15:52    5,2  05:04    4,8    0,0    0,4    0,0    6,3  16:00    282
 27    9,6   15,7  15:18    3,6  07:40    4,6    0,0    0,0    0,0    4,0  11:37     90
 28   11,1   14,0  15:26    7,1  04:41    3,8    0,0    0,0    0,0    0,0  00:00     90
 29   12,8   17,4  16:57    7,1  23:09    2,9    0,0    0,0    0,0    0,4  01:09     90
 30   11,5   21,2  16:41    4,8  07:14    3,6    0,0    0,2    0,0    0,0  00:00     90
 31   12,6   22,8  16:25    5,2  07:31    3,0    0,0    0,2    0,0    0,0  00:00     90
---------------------------------------------------------------------------------------
      13,4   28,0     09    0,5     17   80,1    0,0   37,2    0,0   19,2     21    225
    
