                   MONTHLY CLIMATOLOGICAL SUMMARY for mar 2018


NAME: El Campillo - Parque Regional del Sureste                  
ELEV: 539 meters    LAT: 39-11.40 N    LONG: 003-18.00 W


                   TEMPERATURE (C), RAIN (mm), WIND SPEED (m/s)

                                         HEAT   COOL         AVG
      MEAN                               DEG    DEG          WIND                   DOM
DAY   TEMP   HIGH   TIME    LOW   TIME   DAYS   DAYS   RAIN  SPEED   HIGH   TIME    DIR
---------------------------------------------------------------------------------------
 01    9,5   12,9  15:30    6,1  00:00    8,9    0,0   14,4    1,9   17,4  18:00    188
 02    6,2    8,8  16:00    4,1  03:30   12,1    0,0   14,4    0,6    9,8  17:00    255
 03    9,1   12,9  13:00    5,8  04:30    9,2    0,0    4,4    1,1    8,9  12:30    227
 04    9,0   13,5  16:00    5,5  07:00    9,3    0,0    7,0    0,7    8,9  07:00    200
 05    7,2    9,3  17:30    5,5  08:30   11,1    0,0    6,0    1,0    9,4  16:30    243
 06    6,5   10,3  17:30    4,2  05:30   11,9    0,0    2,4    0,9    9,4  13:30    249
 07    7,1   11,5  16:00    1,7  07:00   11,3    0,0    0,0    0,3    5,4  15:00    234
 08    8,0   11,6  16:30    4,6  08:00   10,3    0,0    2,0    0,1    3,6  16:30     58
 09   10,6   12,7  12:00    8,8  02:00    7,8    0,0   10,2    0,4    6,3  21:00    128
 10   10,7   13,2  17:00    7,4  22:00    7,6    0,0   20,6    0,7    8,5  09:30    188
 11    8,1   11,4  13:30    6,2  07:00   10,2    0,0    2,6    2,0   14,3  12:00    231
 12    9,4   13,6  15:00    6,4  23:00    8,9    0,0    0,0    1,6   10,3  01:00    249
 13    9,4   14,7  16:30    5,9  05:30    9,0    0,0    0,4    0,4    7,2  14:00    240
 14    9,2   13,5  17:30    5,6  06:00    9,2    0,0   13,6    0,9   11,2  18:00    171
 15    8,5   12,2  16:00    6,2  22:00    9,9    0,0    0,2    1,5   11,6  15:30    236
 16    7,4   11,1  15:30    4,6  07:30   10,9    0,0    0,6    1,0    8,5  17:30    250
 17    6,1   10,2  17:30    2,9  12:00   12,3    0,0   10,0    0,8    7,6  16:00    257
 18    7,6   13,0  15:00    3,2  03:30   10,7    0,0    0,0    0,8    8,9  15:30    274
 19    5,6    9,8  16:30    2,4  07:00   12,8    0,0    5,4    1,1   13,9  17:00    274
 20    5,1    9,0  16:00    2,5  00:00   13,2    0,0    0,0    2,0   15,2  16:30    287
 21    5,9   12,3  14:00    0,4  07:00   12,4    0,0    0,0    1,4   11,2  16:00    305
 22    6,3   13,8  18:00   -0,7  06:30   12,0    0,0    0,0    0,4    4,9  03:00    248
 23    6,9   13,9  14:00    1,4  04:30   11,4    0,0    1,6    0,8   10,3  23:00    242
 24    8,0   12,2  17:00    3,4  07:00   10,4    0,0    0,0    3,2   17,0  05:30    269
 25    8,5   12,8  15:00    3,6  08:30    9,9    0,0    0,0    0,6    8,0  00:30    290
 26    8,6   15,4  17:00    2,2  05:00    9,7    0,0    0,0    0,7    7,6  19:30     55
 27   12,3   21,5  18:00    4,1  06:00    6,1    0,0    0,0    0,4    7,6  18:30    255
 28   13,3   21,3  16:30    4,8  07:30    5,0    0,0    0,0    0,8    8,5  16:00    243
 29   11,5   15,2  17:00    8,1  08:00    6,8    0,0    0,0    1,2    9,8  17:00    238
 30    7,9   11,5  17:30    4,3  00:00   10,4    0,0    3,0    1,7   12,1  17:00    240
 31    8,2   14,6  19:00    3,0  08:00   10,1    0,0    2,6    1,4   10,7  11:30    264
---------------------------------------------------------------------------------------
       8,3   21,5     27   -0,7     22  310,6    0,0  121,4    1,1   17,4     01    250
    

