                   MONTHLY CLIMATOLOGICAL SUMMARY for jul 2020


NAME: El Campillo (Rivas-Vaciamadrid)                  
ELEV: 539 metros    LAT: 39-11.40 N    LONG: 003-18.00 W


                   TEMPERATURE (C), RAIN (mm), WIND SPEED (m/s)

                                         HEAT   COOL         AVG
      MEAN                               DEG    DEG          WIND                   DOM
DAY   TEMP   HIGH   TIME    LOW   TIME   DAYS   DAYS   RAIN  SPEED   HIGH   TIME    DIR
---------------------------------------------------------------------------------------
 01   28,8   35,8  17:34   19,1  07:34    0,0    6,0    0,0    0,2    6,7  16:32    224
 02   26,6   33,1  17:22   16,9  06:33    0,0    4,8    0,0    0,3   10,7  15:21    226
 03   24,6   33,1  19:04   16,0  06:58    0,0    3,7    0,0    0,0    2,7  07:00     90
 04   26,7   35,2  18:28   17,2  07:27    0,0    4,8    0,0    0,0    0,9  15:44     90
 05   28,2   37,4  18:26   19,1  07:16    0,0    5,7    0,0    0,0    0,4  00:37     90
 06   29,9   38,1  17:51   19,6  07:15    0,0    6,6    0,0    0,0    5,8  23:35     65
 07   30,2   39,1  18:10   20,7  07:11    0,0    6,8    0,0    0,1    6,3  18:40    226
 08   28,8   34,2  17:19   22,8  05:35    0,0    6,0    0,0    1,6   13,0  19:30     85
 09   26,2   33,9  17:04   18,8  20:23    0,0    4,6   12,2    0,3    9,4  19:36     67
 10   25,7   34,8  20:12   17,3  07:07    0,0    4,3    0,0    0,0    1,3  14:35     90
 11   28,6   37,1  17:03   20,7  07:15    0,0    5,9    0,0    0,4    8,5  23:16     90
 12   26,3   34,4  15:48   21,7  09:01    0,0    4,6    0,2    0,6   13,4  17:31     76
 13   26,5   35,2  17:45   18,1  06:37    0,0    4,7    0,0    0,0    4,9  14:20     69
 14   25,9   33,7  18:00   18,8  07:12    0,0    4,4    0,0    0,4   11,6  20:20     74
 15   25,5   33,2  16:57   16,8  07:26    0,0    4,1    0,0    0,0    4,9  18:29     59
 16   27,1   36,1  20:57   18,1  07:27    0,0    5,0    0,0    0,0    2,2  01:12     90
 17   28,2   36,0  18:39   19,9  07:32    0,0    5,7    0,0    0,0    4,5  15:06     46
 18   27,1   36,7  20:31   18,0  07:29    0,0    5,1    0,0    0,0    3,6  00:54     68
 19   28,4   38,4  17:29   19,3  06:38    0,0    5,8    0,0    0,0    4,9  16:34    230
 20   28,3   38,3  17:57   16,6  06:48    0,0    5,7    0,0    0,0    4,0  16:00    234
 21   29,5   36,3  17:20   22,8  07:27    0,0    6,4    0,0    0,0    4,9  02:52     85
 22   27,8   34,8  19:11   18,7  07:21    0,0    5,5    0,8    0,0    4,9  00:24     59
 23   28,7   37,2  18:54   19,0  07:00    0,0    5,9    0,0    0,0    3,6  16:32     90
 24   30,2   38,1  18:28   22,1  07:26    0,0    6,8    0,0    0,0    5,8  16:30    234
 25   29,4   37,9  18:05   20,6  06:32    0,0    6,3    0,0    0,3    8,0  02:11     94
 26   29,8   40,3  17:32   18,1  07:36    0,0    6,5    0,0    0,0    4,5  17:10    225
 27   31,7   41,3  19:05   22,4  07:18    0,0    7,6    0,0    0,0    7,2  21:09    215
 28   30,3   37,4  17:57   22,3  07:32    0,0    6,8    0,0    0,0    6,7  15:14    226
 29   30,7   39,4  20:05   21,1  06:29    0,0    7,0    0,0    0,1    8,0  23:24    100
 30   31,3   39,8  16:35   23,9  06:57    0,0    7,4    1,2    0,4   11,6  17:51    111
 31   30,2   39,6  18:32   19,1  07:31    0,0    6,8    0,0    0,1    5,8  16:26    232
---------------------------------------------------------------------------------------
      28,3   41,3     27   16,0     03    0,0  177,3   14,4    0,2   13,4     12     92
    
