                   MONTHLY CLIMATOLOGICAL SUMMARY for ene 2023


NAME: El Campillo (Rivas-Vaciamadrid)                  
ELEV: 539 metros    LAT: 39-11.40 N    LONG: 003-18.00 W


                   TEMPERATURE (C), RAIN (mm), WIND SPEED (m/s)

                                         HEAT   COOL         AVG
      MEAN                               DEG    DEG          WIND                   DOM
DAY   TEMP   HIGH   TIME    LOW   TIME   DAYS   DAYS   RAIN  SPEED   HIGH   TIME    DIR
---------------------------------------------------------------------------------------
 01    9,0   15,1  14:38    4,0  03:07    5,0    0,0    0,0    0,0    0,0  00:00     90
 02   10,0   12,3  00:54    8,4  10:10    4,4    0,0    0,0    0,0    0,4  00:33     90
 03    7,9   13,1  16:20    2,9  23:57    5,6    0,0    0,0    0,0    0,0  00:00     90
 04    4,7   13,2  16:33   -0,7  08:39    7,4    0,0    0,2    0,0    0,0  00:00     90
 05    4,5   13,3  16:57   -1,3  08:39    7,5    0,0    0,0    0,0    0,0  00:00     90
 06    3,5   12,1  16:51   -2,0  08:18    8,1    0,0    0,2    0,0    0,0  00:00     90
 07    4,4    8,3  15:34   -1,1  04:19    7,5    0,0    0,2    0,0    0,0  00:00     90
 08   11,5   14,6  15:24    7,4  00:00    3,6    0,0    4,2    1,0   11,2  14:10    247
 09   10,8   14,2  15:18    4,1  23:59    4,0    0,0    0,2    0,3    7,6  12:50    269
 10    5,3   12,2  17:03    0,5  05:32    7,1    0,0    0,0    0,0    0,4  21:54     90
 11    7,5    9,6  16:46    3,7  23:44    5,8    0,0    0,0    0,0    0,0  00:00     90
 12    4,5   11,2  16:54   -0,2  08:41    7,5    0,0    0,2    0,0    0,0  00:00     90
 13    5,4   10,7  16:16    2,0  01:31    7,0    0,0    0,2    0,0    0,0  00:00     90
 14    3,7   10,7  16:05    0,0  05:59    8,0    0,0    0,2    0,0    0,0  00:00     90
 15    5,9   12,8  15:23    3,1  01:24    6,7    0,0    0,2    0,0    5,4  15:30    281
 16    6,8   10,6  17:22    2,2  05:41    6,2    0,0    0,0    0,8   14,3  21:34    253
 17    8,8   11,7  13:35    4,3  22:52    5,1    0,0    0,4    2,4   16,5  13:50    266
 18    4,2    8,0  13:58    0,3  22:24    7,7    0,0    0,0    0,0    7,6  16:50    289
 19    4,7    8,8  14:16   -0,7  08:06    7,4    0,0    0,0    0,0    4,5  21:50     90
 20    9,3   14,6  14:27    5,4  23:58    4,8    0,0    0,0    0,0    0,4  00:00     90
 21    5,9   10,1  14:38    1,7  08:46    6,7    0,0    0,0    0,0    0,9  12:25     90
 22    3,6    9,3  16:40   -1,2  08:12    8,0    0,0    0,0    0,0    4,0  15:40     90
 23    1,9    9,4  16:04   -4,4  05:40    8,9    0,0    0,0    0,0    0,9  16:33     90
 24    1,5    5,8  14:51   -2,8  08:27    9,2    0,0    0,0    0,0    0,4  14:09     90
 25    3,4   10,9  17:27   -2,4  07:04    8,1    0,0    0,0    0,0    0,4  16:26     90
 26    3,7   10,3  15:36   -3,1  07:59    7,9    0,0    0,0    0,0    4,5  12:47     90
 27    2,5    8,9  12:26   -4,1  08:36    8,6    0,0    0,0    0,4    9,8  18:06    285
 28    2,5   10,7  16:44   -4,8  08:30    8,6    0,0    0,0    0,0    5,4  15:12     90
 29    1,9    7,4  16:51   -4,8  07:25    9,0    0,0    0,0    0,0    8,0  12:22     56
 30    1,9    9,7  17:27   -4,0  07:33    9,0    0,0    0,0    0,0    0,0  00:00     90
 31    1,6   12,1  17:27   -5,8  08:09    9,1    0,0    0,0    0,0    0,0  00:00     90
---------------------------------------------------------------------------------------
       5,3   15,1     01   -5,8     31  219,5    0,0    6,2    0,2   16,5     17    262
    
