                   MONTHLY CLIMATOLOGICAL SUMMARY for ene 2025


NAME: El Campillo (Rivas-Vaciamadrid)                  
ELEV: 539 metros    LAT: 39-11.40 N    LONG: 003-18.00 W


                   TEMPERATURE (C), RAIN (mm), WIND SPEED (m/s)

                                         HEAT   COOL         AVG
      MEAN                               DEG    DEG          WIND                   DOM
DAY   TEMP   HIGH   TIME    LOW   TIME   DAYS   DAYS   RAIN  SPEED   HIGH   TIME    DIR
---------------------------------------------------------------------------------------
 01    2,9   10,8  14:31   -2,9  06:30    8,4    0,0    0,0    0,0    0,0  00:00     90
 02    2,7   11,1  17:09   -3,7  08:11    8,5    0,0    0,2    0,0    0,0  00:00     90
 03    3,2    8,7  16:39   -2,3  07:55    8,2    0,0    0,0    0,0    0,0  00:00     90
 04    4,0    8,2  16:12    1,0  02:32    7,8    0,0    0,2    0,0    0,0  00:00     90
 05    7,3   11,6  13:50    1,6  00:20    6,0    0,0    0,8    0,0    0,0  00:00     90
 06    8,5   12,2  16:06    4,6  23:10    5,3    0,0    1,0    0,0    0,0  00:00     90
 07    5,9    9,4  16:52    1,2  06:33    6,7    0,0    0,0    0,0    0,0  00:00     90
 08    8,6   12,5  15:00    5,9  08:54    5,2    0,0    0,6    0,0    0,0  00:00     90
 09   10,0   14,4  16:05    6,8  23:40    4,5    0,0    0,0    0,0    0,0  00:00     90
 10    9,2   14,8  16:57    5,9  04:26    4,9    0,0    0,2    0,0    0,0  00:00     90
 11   12,3   19,2  15:47    7,0  23:16    3,2    0,0    0,0    0,0    0,0  00:00     90
 12    7,2   15,8  16:02    0,2  08:02    6,0    0,0    0,0    0,0    0,0  00:00     90
 13    3,0   13,7  16:10   -5,4  08:43    8,3    0,0    0,0    0,0    0,0  00:00     90
 14    2,4   11,8  16:54   -3,8  08:47    8,7    0,0    0,0    0,0    0,0  00:00     90
 15    0,6   12,2  17:11   -7,2  07:53    9,6    0,0    0,0    0,0    0,0  00:00     90
 16    3,7   13,2  14:26   -4,8  08:07    7,9    0,0    0,0    0,0    0,0  00:00     90
 17    5,7   12,1  16:30    0,7  07:46    6,9    0,0    0,0    0,0    0,0  00:00     90
 18    2,4   12,1  16:20   -4,2  07:41    8,7    0,0    0,0    0,0    0,0  00:00     90
 19    2,0   11,0  17:22   -5,4  07:51    8,9    0,0    0,0    0,0    0,0  00:00     90
 20    4,9    7,4  17:56    1,9  00:47    7,3    0,0    5,0    0,0    0,0  00:00     90
 21    8,3   11,8  15:18    6,3  07:15    5,4    0,0    6,8    0,0    0,0  00:00     90
 22   10,2   12,2  16:55    8,7  00:15    4,3    0,0    7,0    0,0    0,0  00:00     90
 23   10,7   16,1  16:17    7,9  05:39    4,0    0,0    2,0    0,0    0,0  00:00     90
 24   10,6   14,3  14:31    8,4  07:40    4,1    0,0    0,2    0,0    0,0  00:00     90
 25    9,3   11,9  15:25    6,3  23:55    4,9    0,0    0,8    0,0    0,0  00:00     90
 26    8,6   13,1  17:46    3,9  05:42    5,2    0,0    0,2    0,0    0,0  00:00     90
 27   12,3   15,1  14:57    7,4  23:56    3,1    0,0    7,2    0,0    0,0  00:00     90
 28    7,5   11,6  15:30    4,4  08:03    5,8    0,0    4,2    0,0    0,0  00:00     90
 29    6,1    8,9  12:51    3,9  05:58    6,6    0,0    5,6    0,0    0,0  00:00     90
 30    6,3   12,3  17:13    1,3  07:46    6,5    0,0    0,2    0,0    0,0  00:00     90
 31    2,4    5,5  00:00    0,3  08:26    8,7    0,0    0,0    0,0    0,0  00:00     90
---------------------------------------------------------------------------------------
       6,5   19,2     11   -7,2     15  199,7    0,0   42,2    0,0    0,0     01     90
    
