                   MONTHLY CLIMATOLOGICAL SUMMARY for nov 2024


NAME: El Campillo (Rivas-Vaciamadrid)                  
ELEV: 539 metros    LAT: 39-11.40 N    LONG: 003-18.00 W


                   TEMPERATURE (C), RAIN (mm), WIND SPEED (m/s)

                                         HEAT   COOL         AVG
      MEAN                               DEG    DEG          WIND                   DOM
DAY   TEMP   HIGH   TIME    LOW   TIME   DAYS   DAYS   RAIN  SPEED   HIGH   TIME    DIR
---------------------------------------------------------------------------------------
 01   15,5   20,0  17:04   12,8  08:08    1,4    0,0    2,8    0,0    0,0  00:00     90
 02   14,0   18,6  15:54   10,8  23:59    2,2    0,0    0,0    0,0    0,0  00:00     90
 03   14,2   20,0  15:03   10,2  00:28    2,1    0,0    0,0    0,0    0,0  00:00     90
 04   14,3   19,1  15:49    9,9  07:18    2,1    0,0    0,0    0,0    0,0  00:00     90
 05   14,1   20,4  15:11    9,6  06:46    2,2    0,0    0,0    0,0    0,0  00:00     90
 06   14,0   21,4  16:11    8,8  06:06    2,2    0,0    0,2    0,0    0,0  00:00     90
 07   13,7   20,7  15:26    9,4  04:11    2,4    0,0    0,2    0,0    0,0  00:00     90
 08   12,2   18,1  16:37    8,3  05:46    3,2    0,0    0,2    0,0    0,0  00:00     90
 09   11,2   18,8  15:54    7,2  05:23    3,8    0,0    0,2    0,0    0,0  00:00     90
 10   10,7   18,1  16:42    4,9  07:40    4,0    0,0    0,2    0,0    0,0  00:00     90
 11   12,0   17,8  16:05    6,2  07:56    3,3    0,0    0,2    0,0    0,0  00:00     90
 12    9,8   15,8  15:12    5,8  08:25    4,5    0,0    0,0    0,0    0,0  00:00     90
 13    7,5   11,8  22:36    4,4  04:56    5,8    0,0    0,8    0,0    0,0  00:00     90
 14   13,2   17,6  15:09    9,0  06:27    2,7    0,0    0,0    0,0    0,0  00:00     90
 15   14,0   16,8  13:23   11,2  23:42    2,2    0,0    0,0    0,0    0,0  00:00     90
 16   11,6   16,0  16:56    7,8  23:48    3,6    0,0    0,0    0,0    0,0  00:00     90
 17   11,5   20,0  16:56    5,8  04:50    3,6    0,0    0,0    0,0    0,0  00:00     90
 18   12,8   20,7  15:57    8,2  08:26    2,9    0,0    0,2    0,0    0,0  00:00     90
 19    9,8   16,8  16:50    5,4  06:18    4,6    0,0    0,2    0,0    0,0  00:00     90
 20   11,8   18,3  16:18    7,6  07:58    3,4    0,0    0,0    0,0    0,0  00:00     90
 21   10,6   14,3  15:48    7,4  05:42    4,1    0,0    0,2    0,0    0,0  00:00     90
 22   12,5   16,9  14:49   10,1  20:57    3,1    0,0    0,0    0,0    0,0  00:00     90
 23   11,0   16,5  14:45    7,2  04:44    3,9    0,0    0,8    0,0    0,0  00:00     90
 24   13,4   17,4  13:52    8,7  03:28    2,6    0,0    0,0    0,0    0,0  00:00     90
 25   13,9   18,2  03:42    5,5  23:59    2,3    0,0    1,6    0,0    0,0  00:00     90
 26    6,3   13,2  15:08    2,2  06:41    6,5    0,0    0,0    0,0    0,0  00:00     90
 27    6,1   13,9  16:17   -0,1  08:25    6,6    0,0    0,4    0,0    0,0  00:00     90
 28    6,0   16,2  16:33   -0,3  05:27    6,6    0,0    0,2    0,0    0,0  00:00     90
 29    8,3   16,8  14:55    2,3  06:46    5,4    0,0    0,0    0,0    0,0  00:00     90
 30    8,8   18,3  16:16    2,7  08:02    5,1    0,0    0,2    0,0    0,0  00:00     90
---------------------------------------------------------------------------------------
      11,5   21,4     06   -0,3     28  108,5    0,0    8,6    0,0    0,0     01     90
    
