                   MONTHLY CLIMATOLOGICAL SUMMARY for abr 2022


NAME: El Campillo (Rivas-Vaciamadrid)                  
ELEV: 539 metros    LAT: 39-11.40 N    LONG: 003-18.00 W


                   TEMPERATURE (C), RAIN (mm), WIND SPEED (m/s)

                                         HEAT   COOL         AVG
      MEAN                               DEG    DEG          WIND                   DOM
DAY   TEMP   HIGH   TIME    LOW   TIME   DAYS   DAYS   RAIN  SPEED   HIGH   TIME    DIR
---------------------------------------------------------------------------------------
 01    7,0   11,0  17:16    4,0  08:01    6,1    0,0    2,8    0,0    2,2  16:54     90
 02    5,7   11,2  16:30    1,1  04:55    6,8    0,0    0,0    0,0    5,8  12:30    292
 03    5,3   11,6  17:24   -1,7  07:43    7,0    0,0    0,0    0,2    8,0  14:23     68
 04    5,6   12,2  15:59   -0,6  07:54    6,9    0,0    0,0    0,0    5,4  02:21     68
 05    6,2   10,4  16:48    3,3  06:59    6,6    0,0    0,0    0,0    4,0  17:32    202
 06    9,1   17,3  18:31    3,4  05:13    4,9    0,0    0,0    0,0    5,8  18:13    225
 07   12,7   20,2  17:33    5,3  08:00    2,9    0,0    0,0    0,1    7,2  14:44    232
 08   11,5   16,9  17:52    5,8  07:26    3,6    0,0    0,0    0,1    8,5  15:43    227
 09   13,2   19,3  15:33    8,5  06:22    2,7    0,0    0,0    0,0    4,5  15:52     90
 10   15,2   23,6  17:55    7,8  06:47    1,5    0,0    0,0    0,2   11,6  21:51     90
 11   16,3   23,2  16:08    9,5  07:14    0,9    0,0    0,0    0,0    8,0  00:22    106
 12   10,9   16,3  15:57    7,5  08:22    3,9    0,0    6,6    0,0    1,8  01:48     90
 13   11,9   18,8  16:52    4,3  08:13    3,4    0,0    0,2    0,0    0,4  13:27     90
 14   15,8   22,6  17:55   10,1  07:11    1,2    0,0    0,0    0,0    2,7  12:58     90
 15   16,2   25,6  18:32    6,9  07:49    1,0    0,0    0,0    0,0    0,4  15:04     90
 16   17,7   27,8  16:19    7,8  07:59    0,2    0,0    0,0    0,0    0,4  14:37     90
 17   17,4   26,7  16:36    6,4  07:31    0,4    0,0    0,0    0,0    0,4  15:30     90
 18   18,5   26,7  15:21   10,4  07:47    0,0    0,3    0,0    0,0    0,4  15:40     90
 19   13,7   21,9  15:02    7,2  23:55    2,4    0,0    1,6    0,1    8,9  17:50    326
 20    7,9   13,0  18:32    3,2  08:03    5,6    0,0   12,8    0,3   11,2  18:17    284
 21   10,4   17,2  17:32    2,8  08:14    4,2    0,0    0,0    0,0    7,6  00:04    270
 22    8,6   12,7  10:55    6,3  23:32    5,2    0,0   13,0    0,0    7,2  11:30     90
 23    8,3   13,3  18:08    5,1  07:40    5,4    0,0    1,6    0,1    8,5  17:24    235
 24   11,1   18,3  18:00    3,3  07:19    3,8    0,0    0,0    0,0    0,4  12:40     90
 25   13,2   22,1  18:54    3,6  07:14    2,7    0,0    0,0    0,0    0,0  00:00     90
 26   14,2   23,2  15:09    7,8  02:37    2,1    0,0    2,8    0,0    0,4  08:00     90
 27   13,3   17,2  15:05   10,8  07:14    2,6    0,0    1,0    0,0    1,3  18:44     90
 28   11,7   16,0  19:49    8,9  04:21    3,5    0,0   12,0    0,0    0,4  14:42     90
 29   16,0   23,9  17:58    8,9  07:30    1,1    0,0    0,0    0,0    0,0  00:00     90
 30   16,5   24,5  15:44    9,7  07:19    0,8    0,0    0,0    0,0    3,1  16:12     90
---------------------------------------------------------------------------------------
      12,0   27,8     16   -1,7     03   99,6    0,3   54,4    0,0   11,6     10    116
    
