                   MONTHLY CLIMATOLOGICAL SUMMARY for jul 2018


NAME: El Campillo (Rivas-Vaciamadrid)                  
ELEV: 539 metros    LAT: 39-11.40 N    LONG: 003-18.00 W


                   TEMPERATURE (C), RAIN (mm), WIND SPEED (m/s)

                                         HEAT   COOL         AVG
      MEAN                               DEG    DEG          WIND                   DOM
DAY   TEMP   HIGH   TIME    LOW   TIME   DAYS   DAYS   RAIN  SPEED   HIGH   TIME    DIR
---------------------------------------------------------------------------------------
 01   22,9   28,7  17:33   17,1  07:39    0,0    2,7    0,0    0,4    5,8  12:28    213
 02   21,6   28,2  18:01   14,2  06:58    0,0    2,0    0,0    0,4    7,6  16:06    227
 03   23,3   31,9  19:39   13,9  06:39    0,0    3,0    0,0    0,2    4,9  16:18    173
 04   22,4   28,0  17:56   14,0  07:08    0,0    2,5    0,0    0,7    8,0  13:46    229
 05   22,9   29,6  19:21   14,9  07:38    0,0    2,7    0,0    0,1    4,0  12:40    207
 06   25,1   32,9  17:41   16,4  06:47    0,0    3,9    0,0    0,2    6,7  13:40    217
 07   26,5   34,6  18:49   19,1  06:55    0,0    4,7    0,0    0,3    5,4  16:47    160
 08   27,9   35,3  18:36   20,2  07:27    0,0    5,5    0,0    0,6    6,3  00:38     66
 09   28,2   35,5  18:42   19,9  07:33    0,0    5,7    0,0    0,2    4,9  16:04    254
 10   28,2   35,2  16:53   20,3  07:15    0,0    5,6    0,0    0,6    7,6  00:34     67
 11   27,1   33,4  16:02   19,3  05:49    0,0    5,1    0,0    0,5    8,5  17:20    211
 12   26,1   33,8  20:10   18,7  07:27    0,0    4,5    0,0    0,2    5,4  14:48    205
 13   27,1   33,9  18:24   21,2  07:31    0,0    5,1    0,0    0,8    6,7  02:09     82
 14   26,7   33,3  17:49   18,4  07:23    0,0    4,8    0,0    0,5    7,2  17:24    203
 15   23,6   29,5  17:43   15,8  07:06    0,0    3,1    0,0    0,7    9,4  15:32    225
 16   23,8   30,3  17:20   15,1  07:24    0,0    3,2    0,0    0,3    5,4  12:32    245
 17   26,2   36,1  20:25   17,3  06:53    0,0    4,6    0,0    0,3    4,5  16:58     60
 18   27,6   33,7  17:54   20,2  06:59    0,0    5,3    0,0    0,8    7,6  01:31    189
 19   25,6   33,9  17:44   15,1  07:32    0,0    4,2    0,0    0,4    6,7  15:50    224
 20   24,5   31,7  16:23   15,4  07:08    0,0    3,6    0,0    0,7    8,9  16:21    232
 21   23,8   31,7  18:48   16,3  07:18    0,0    3,2    0,0    0,7    8,0  23:17     62
 22   24,8   32,4  15:51   17,6  07:20    0,0    3,8    0,0    0,5    8,9  03:40     63
 23   27,4   35,5  19:11   19,1  07:28    0,0    5,2    0,0    0,5    5,4  18:22    165
 24   26,5   33,8  18:40   17,6  06:46    0,0    4,7    0,0    0,5    7,6  15:31    221
 25   26,7   35,4  19:20   16,5  07:34    0,0    4,8    0,0    0,2    5,8  13:45    191
 26   26,5   34,7  18:38   15,7  07:27    0,0    4,7    0,0    0,3    5,4  15:29    208
 27   26,6   34,5  16:50   16,7  06:38    0,0    4,8    0,0    0,4    6,7  17:47    228
 28   25,9   33,7  17:46   16,1  07:36    0,0    4,4    0,0    0,5    7,6  14:14    225
 29   25,6   32,8  17:52   18,1  07:37    0,0    4,2    0,0    0,6    7,6  15:30    215
 30   25,6   34,8  18:36   14,2  07:07    0,0    4,2    0,0    0,2    4,9  16:09    220
 31   27,0   36,9  20:45   16,4  07:06    0,0    5,0    0,0    0,2    4,9  15:09    195
---------------------------------------------------------------------------------------
      25,6   36,9     31   13,9     03    0,0  131,1    0,0    0,4    9,4     15    204
    

