                   MONTHLY CLIMATOLOGICAL SUMMARY for sep 2021


NAME: El Campillo (Rivas-Vaciamadrid)                  
ELEV: 539 metros    LAT: 39-11.40 N    LONG: 003-18.00 W


                   TEMPERATURE (C), RAIN (mm), WIND SPEED (m/s)

                                         HEAT   COOL         AVG
      MEAN                               DEG    DEG          WIND                   DOM
DAY   TEMP   HIGH   TIME    LOW   TIME   DAYS   DAYS   RAIN  SPEED   HIGH   TIME    DIR
---------------------------------------------------------------------------------------
 01   19,3   25,9  15:00   15,7  06:58    0,0    0,7   63,0    0,6   13,4  05:24     76
 02   19,7   27,2  16:15   14,7  05:50    0,0    0,9    1,0    0,0    4,5  18:08     64
 03   21,9   29,6  17:37   15,2  06:11    0,0    2,1    0,0    0,0    4,5  16:20    218
 04   22,8   30,9  18:04   14,7  07:41    0,0    2,7    0,0    0,0    4,0  14:45    208
 05   24,7   33,0  17:23   18,0  07:47    0,0    3,7    0,0    0,0    4,5  11:56    188
 06   25,5   32,1  17:45   19,4  03:41    0,0    4,2    0,0    0,6    8,0  21:51     84
 07   25,6   32,7  17:32   18,9  07:21    0,0    4,2    0,0    0,0    4,9  15:45    217
 08   22,6   27,7  16:44   17,3  08:04    0,0    2,6    0,0    0,3    7,2  12:45    221
 09   21,8   27,3  14:27   17,0  07:38    0,0    2,1    0,0    0,1    5,8  14:40    247
 10   22,5   28,1  18:37   17,1  07:28    0,0    2,5    0,0    0,2    8,0  14:09    223
 11   21,1   27,6  17:44   14,9  07:34    0,0    1,7    0,0    0,0    4,5  14:22    208
 12   22,6   32,0  18:12   14,7  02:57    0,0    2,6    0,0    0,0    3,6  14:43     22
 13   21,5   28,2  13:04   17,4  23:41    0,0    2,0    1,0    0,0    8,5  23:06     71
 14   17,7   19,7  11:28   13,8  21:39    0,1    0,0   17,6    0,0   12,1  21:20     81
 15   18,3   25,2  15:31   13,8  06:52    0,0    0,2    0,6    0,0    3,6  13:46    248
 16   19,4   26,1  16:40   14,6  03:28    0,0    0,8    0,0    0,0    1,8  14:55     90
 17   20,4   28,1  18:26   13,8  07:59    0,0    1,3    0,0    0,0    4,5  15:37    214
 18   20,1   26,6  17:38   13,6  07:56    0,0    1,2    0,0    0,1    6,7  15:00    243
 19   17,9   25,1  17:55   10,8  08:07    0,1    0,0    0,0    0,0    5,4  13:06    356
 20   17,9   25,0  15:39   11,8  07:56    0,0    0,0    0,0    0,4    9,4  16:31     66
 21   16,3   22,3  16:16   10,2  08:04    1,0    0,0    0,0    1,0    9,4  10:55     67
 22   16,3   22,0  17:46   11,9  10:21    0,9    0,0    7,6    0,2    5,4  07:58     62
 23   19,0   24,8  16:52   14,0  06:06    0,0    0,6    2,8    0,4    7,6  13:08     70
 24   19,3   24,8  15:18   16,9  07:39    0,0    0,7    3,2    0,2    8,0  16:55     83
 25   18,3   22,9  16:42   14,4  07:49    0,0    0,2    0,0    0,2    5,8  13:35    216
 26   17,5   24,4  17:27   11,5  08:14    0,3    0,0    0,0    0,0    4,9  15:40    202
 27   17,8   26,8  18:00   10,7  07:30    0,1    0,0    0,0    0,0    0,4  17:25     90
 28   17,9   26,8  15:41   10,4  06:06    0,1    0,0    0,0    0,0    4,5  16:16    236
 29   17,6   25,6  18:09    9,6  07:26    0,2    0,0    0,0    0,0    3,6  13:31    360
 30   18,4   25,8  16:16   13,3  08:04    0,0    0,2    0,0    0,0    4,9  03:58    338
---------------------------------------------------------------------------------------
      20,1   33,0     05    9,6     29    2,8   37,2   96,8    0,2   13,4     01     82
    
