                   MONTHLY CLIMATOLOGICAL SUMMARY for jun 2021


NAME: El Campillo (Rivas-Vaciamadrid)                  
ELEV: 539 metros    LAT: 39-11.40 N    LONG: 003-18.00 W


                   TEMPERATURE (C), RAIN (mm), WIND SPEED (m/s)

                                         HEAT   COOL         AVG
      MEAN                               DEG    DEG          WIND                   DOM
DAY   TEMP   HIGH   TIME    LOW   TIME   DAYS   DAYS   RAIN  SPEED   HIGH   TIME    DIR
---------------------------------------------------------------------------------------
 01   20,3   25,7  17:25   16,3  08:15    0,0    1,3    7,8    0,2    6,7  14:30    220
 02   20,2   28,3  20:34   11,3  06:32    0,0    1,2    0,0    0,0    5,4  17:05    218
 03   23,3   29,9  14:52   16,3  07:14    0,0    2,9    0,0    0,1    7,6  11:45    157
 04   23,1   30,2  19:35   14,6  06:57    0,0    2,8    0,0    0,1    4,9  12:45    121
 05   18,4   22,1  13:00   15,4  07:05    0,0    0,2    0,2    0,2    8,0  11:51     74
 06   21,4   29,9  18:05   11,9  07:07    0,0    1,9    0,0    0,0    4,5  22:39    279
 07   24,7   33,4  17:31   15,4  07:19    0,0    3,7    0,0    0,0    4,5  19:30     90
 08   26,0   35,1  17:36   15,8  06:25    0,0    4,4    0,0    0,0    6,7  18:00    271
 09   26,4   35,3  18:54   15,1  06:50    0,0    4,7    0,0    0,1    6,7  14:43    238
 10   27,1   35,4  18:22   16,9  07:23    0,0    5,1    0,0    0,0    5,4  17:43    197
 11   25,3   35,2  17:15   17,8  23:29    0,0    4,1    0,6    0,5    9,8  21:17     65
 12   23,5   30,7  16:52   15,9  07:04    0,0    3,1    0,0    0,9    8,5  23:55     82
 13   25,6   32,4  16:22   17,8  07:22    0,0    4,2    0,0    1,0    9,4  00:18     79
 14   27,4   34,5  18:34   18,9  07:36    0,0    5,2    0,0    0,2    9,8  23:33     64
 15   26,6   32,8  14:43   19,6  06:41    0,0    4,8    0,0    0,5    8,0  23:54     87
 16   26,0   32,1  19:12   19,1  23:33    0,0    4,4    0,8    0,5    8,9  00:26     89
 17   17,6   22,8  18:20   14,1  13:02    0,2    0,0   25,0    0,2   10,7  19:00     94
 18   19,6   27,1  18:12   14,7  05:15    0,0    0,9    0,4    0,3    7,6  18:12    153
 19   18,5   25,0  19:25   12,1  06:38    0,0    0,3    0,0    0,0    4,9  14:09    193
 20   16,8   20,9  15:31   14,0  06:10    0,7    0,0    1,6    0,3    8,5  15:20    221
 21   17,8   23,8  17:35   11,9  07:16    0,1    0,0    0,0    0,3    8,5  10:53    226
 22   17,5   23,9  14:42   13,1  02:52    0,3    0,0    0,0    0,1    7,2  19:28    277
 23   19,0   24,9  18:24   14,0  00:52    0,0    0,6    0,2    0,1    6,7  15:06     65
 24   21,3   29,8  18:13   13,1  05:59    0,0    1,8    0,0    0,0    4,9  02:07     81
 25   24,3   33,2  18:46   15,9  07:11    0,0    3,5    0,0    0,0    4,0  16:15     50
 26   26,2   33,4  16:52   18,1  07:29    0,0    4,6    0,0    0,2    8,0  14:17    237
 27   24,4   30,6  16:13   16,8  06:24    0,0    3,6    0,0    0,5   10,7  18:40    230
 28   22,2   28,6  17:15   13,3  07:18    0,0    2,3    0,0    0,1    5,4  15:28    261
 29   22,8   31,6  20:03   13,2  06:01    0,0    2,7    0,0    0,0    4,0  17:03     87
 30   25,0   34,2  17:55   14,1  07:25    0,0    3,9    0,0    0,1    5,8  14:40    219
---------------------------------------------------------------------------------------
      22,6   35,4     10   11,3     02    1,3   78,3   36,6    0,2   10,7     17    101
    
