                   MONTHLY CLIMATOLOGICAL SUMMARY for nov 2020


NAME: El Campillo (Rivas-Vaciamadrid)                  
ELEV: 539 metros    LAT: 39-11.40 N    LONG: 003-18.00 W


                   TEMPERATURE (C), RAIN (mm), WIND SPEED (m/s)

                                         HEAT   COOL         AVG
      MEAN                               DEG    DEG          WIND                   DOM
DAY   TEMP   HIGH   TIME    LOW   TIME   DAYS   DAYS   RAIN  SPEED   HIGH   TIME    DIR
---------------------------------------------------------------------------------------
 01   12,9   22,2  17:13    6,3  06:59    2,8    0,0    0,2    0,0    0,0  00:00     90
 02   13,7   22,2  16:24    6,7  05:58    2,4    0,0    0,0    0,0    0,0  00:00     90
 03   12,4   15,6  10:54   10,4  20:48    3,1    0,0    2,2    0,5    7,2  16:22     68
 04    9,5   11,0  16:37    8,2  07:22    4,7    0,0    3,6    0,3    6,3  16:40     63
 05   11,1   15,1  13:56    8,1  02:18    3,9    0,0    4,8    1,2   13,9  16:55     66
 06   15,7   19,4  14:35   11,0  08:09    1,3    0,0    0,0    3,0   17,0  13:18     88
 07   12,5   16,4  00:00    8,8  23:49    3,0    0,0   22,4    0,1    5,4  13:52    219
 08   10,4   16,4  15:36    5,6  08:02    4,2    0,0    0,2    0,0    0,0  00:00     90
 09   10,9   17,1  16:46    7,5  02:04    3,9    0,0    2,8    0,0    0,4  10:29     90
 10    9,6   17,2  15:40    4,3  08:09    4,7    0,0    0,2    0,0    0,0  00:00     90
 11    8,9   17,1  16:01    3,5  07:58    5,0    0,0    0,2    0,0    0,0  00:00     90
 12    9,9   16,3  15:08    6,0  05:46    4,5    0,0    0,0    0,0    0,0  00:00     90
 13   11,2   17,7  15:39    6,3  07:40    3,8    0,0    0,0    0,0    0,0  00:00     90
 14   11,2   13,6  14:23    8,5  04:42    3,8    0,0    0,8    0,0    0,0  00:00     90
 15   13,8   17,3  14:58   11,4  08:07    2,4    0,0    0,0    0,0    4,9  14:16     90
 16   13,9   19,6  16:16    9,7  23:59    2,3    0,0    0,2    0,0    0,0  00:00     90
 17    9,8   13,5  16:03    6,9  04:46    4,6    0,0    0,2    0,0    0,4  15:28     90
 18   10,4   15,3  15:46    7,7  04:45    4,2    0,0    0,0    0,0    0,0  00:00     90
 19   12,9   22,7  16:19    5,7  08:24    2,8    0,0    0,2    0,0    4,0  11:57     68
 20   11,2   17,9  14:53    5,1  08:22    3,8    0,0    0,0    0,0    5,4  13:54     68
 21    8,2   16,1  15:22    2,1  06:56    5,4    0,0    0,0    0,0    0,0  00:00     90
 22    6,2   15,6  16:26   -0,5  08:04    6,6    0,0    0,0    0,0    0,0  00:00     90
 23    6,3   16,1  16:00   -0,3  06:56    6,5    0,0    0,2    0,0    0,0  00:00     90
 24    5,5   13,7  16:07   -0,4  07:31    6,9    0,0    0,0    0,0    0,0  00:00     90
 25    8,0   14,2  16:18    1,8  02:04    5,5    0,0    1,0    0,0    0,4  15:14     90
 26   11,6   14,4  16:55    9,2  07:53    3,6    0,0    1,0    0,8    9,8  19:15     74
 27    9,2   11,6  10:23    5,4  00:00    4,9    0,0    7,4    0,0    0,4  12:20     90
 28    6,9   10,6  16:32    4,3  08:21    6,2    0,0    0,2    0,0    0,0  00:01     90
 29    7,6   12,9  16:48    3,3  03:53    5,8    0,0    0,2    0,0    0,0  00:00     90
 30    7,6   14,3  16:35    2,6  06:48    5,8    0,0    0,0    0,0    0,0  00:00     90
---------------------------------------------------------------------------------------
      10,3   22,7     19   -0,5     22  128,4    0,0   48,0    0,2   17,0     06     80
    
