                   MONTHLY CLIMATOLOGICAL SUMMARY for sep 2023


NAME: El Campillo (Rivas-Vaciamadrid)                  
ELEV: 539 metros    LAT: 39-11.40 N    LONG: 003-18.00 W


                   TEMPERATURE (C), RAIN (mm), WIND SPEED (m/s)

                                         HEAT   COOL         AVG
      MEAN                               DEG    DEG          WIND                   DOM
DAY   TEMP   HIGH   TIME    LOW   TIME   DAYS   DAYS   RAIN  SPEED   HIGH   TIME    DIR
---------------------------------------------------------------------------------------
 01   24,4   33,1  17:56   15,0  07:36    0,0    3,5    0,0    0,0    0,0  00:00     90
 02   18,9   22,1  00:30   15,6  22:47    0,0    0,5   31,2    0,0    0,0  00:00     90
 03   18,1   22,7  22:34   15,6  01:15    0,0    0,1   34,2    0,0    0,0  00:00     90
 04   19,2   24,9  17:59   16,1  06:35    0,0    0,6   17,0    0,0    0,0  00:00     90
 05   21,9   28,6  16:48   15,7  07:49    0,0    2,2    0,2    0,0    0,0  00:00     90
 06   23,5   30,3  17:59   19,2  04:48    0,0    3,1    0,0    0,0    0,0  00:00     90
 07   24,1   31,0  16:46   20,2  07:51    0,0    3,4    0,0    0,0    0,0  00:00     90
 08   25,1   31,5  18:08   19,9  07:41    0,0    4,0    0,0    0,0    0,0  00:00     90
 09   23,6   28,6  14:39   19,6  07:55    0,0    3,1    5,0    0,0    0,0  00:00     90
 10   23,0   30,9  18:33   16,9  07:55    0,0    2,8    3,0    0,0    0,0  00:00     90
 11   21,3   26,5  17:32   17,0  08:10    0,0    1,9   14,6    0,0    0,0  00:00     90
 12   20,5   28,0  17:21   16,1  03:18    0,0    1,4    1,2    0,0    0,0  00:00     90
 13   21,8   30,3  17:55   15,4  08:03    0,0    2,1    0,0    0,0    0,0  00:00     90
 14   22,5   29,2  17:48   17,4  07:44    0,0    2,5    0,0    0,0    0,0  00:00     90
 15   20,8   26,9  18:33   15,1  07:05    0,0    1,6   22,6    0,0    0,0  00:00     90
 16   19,3   23,6  17:11   15,5  07:30    0,0    0,7    0,0    0,0    0,0  00:10     90
 17   17,1   19,2  16:46   15,2  23:57    0,5    0,0   14,6    0,0    0,0  00:00     90
 18   17,0   21,8  14:32   13,1  04:24    0,5    0,0    0,0    0,0    0,0  00:00     90
 19   17,9   25,8  17:35   11,1  07:57    0,0    0,0    0,2    0,0    0,0  00:00     90
 20   18,3   25,2  16:46   11,4  07:01    0,0    0,2    0,0    0,0    0,0  00:00     90
 21   16,5   19,8  17:52   13,7  04:24    0,9    0,0    0,2    0,0    0,0  00:00     90
 22   16,1   22,2  17:08   10,2  07:42    1,0    0,0    0,0    0,0    0,0  00:00     90
 23   15,5   23,9  17:31    7,7  07:34    1,4    0,0    0,0    0,0    0,0  00:00     90
 24   17,9   27,6  18:10    9,4  07:54    0,1    0,0    0,0    0,0    0,0  00:00     90
 25   19,0   29,7  17:29    9,8  08:07    0,0    0,6    0,0    0,0    0,0  00:00     90
 26   20,1   30,2  18:03   11,8  07:32    0,0    1,2    0,0    0,0    0,0  00:00     90
 27   20,2   29,9  17:25   12,7  07:28    0,0    1,2    0,0    0,0    0,0  00:00     90
 28   20,4   30,3  17:49   11,9  07:59    0,0    1,3    0,0    0,0    0,0  00:00     90
 29   21,9   32,5  18:11   13,8  06:28    0,0    2,2    0,0    0,0    0,0  00:00     90
 30   22,5   32,9  18:12   13,9  08:11    0,0    2,5    0,0    0,0    0,0  00:00     90
---------------------------------------------------------------------------------------
      20,3   33,1     01    7,7     23    4,4   42,5  144,0    0,0    0,0     01     90
    
