                   MONTHLY CLIMATOLOGICAL SUMMARY for abr 2018


NAME: El Campillo (Rivas-Vaciamadrid)                  
ELEV: 539 metros    LAT: 39-11.40 N    LONG: 003-18.00 W


                   TEMPERATURE (C), RAIN (mm), WIND SPEED (m/s)

                                         HEAT   COOL         AVG
      MEAN                               DEG    DEG          WIND                   DOM
DAY   TEMP   HIGH   TIME    LOW   TIME   DAYS   DAYS   RAIN  SPEED   HIGH   TIME    DIR
---------------------------------------------------------------------------------------
 01   10,7   18,3  17:30    3,2  08:00    4,1    0,0    0,0    0,2    6,7  17:00     62
 02   14,2   20,4  18:30    8,6  08:00    2,1    0,0    0,0    0,8   10,3  22:30    227
 03   12,8   17,3  17:00    9,1  08:00    2,9    0,0    2,2    1,1   11,6  16:00    229
 04   11,0   15,8  17:00    7,3  06:00    3,9    0,0    0,0    1,4   12,5  16:00    243
 05   12,0   19,9  18:00    4,2  08:00    3,3    0,0    0,0    0,2    4,0  18:00    108
 06   12,8   18,1  13:00    7,8  07:30    2,9    0,0    3,0    0,6    8,0  23:30     73
 07    9,7   12,8  00:30    7,6  15:00    4,6    0,0    1,2    0,4    8,0  00:30    198
 08    9,5   15,0  17:00    4,9  07:00    4,7    0,0    1,0    0,6    8,9  15:00    254
 09    6,2    9,0  00:30    4,3  13:11    6,5    0,0    7,8    0,9   10,3  16:00    228
 10    6,2    7,2  19:27    3,8  21:19    6,5    0,0   13,4    1,1    8,0  20:26    218
 11    6,9   11,4  18:11    3,1  03:39    6,1    0,0    0,2    1,4   13,0  16:07    266
 12    8,4   12,1  17:18    4,4  07:50    5,3    0,0    4,6    0,9    8,0  01:57    219
 13    8,9   14,7  17:31    4,2  05:43    5,0    0,0    1,4    0,4    4,9  00:19    212
 14   10,4   18,1  18:45    2,7  07:43    4,2    0,0    0,0    0,3    4,9  13:30     74
 15   12,3   18,0  14:39    7,2  04:32    3,2    0,0    1,4    0,6    8,0  16:43    229
 16   12,2   18,2  18:25    6,7  07:56    3,2    0,0    4,6    0,6   11,2  01:30    260
 17   13,9   23,1  19:19    5,2  07:32    2,3    0,0    0,0    0,1    2,7  13:53    207
 18   16,7   25,8  18:12    7,3  07:05    0,7    0,0    0,0    0,3    7,6  16:44     93
 19   17,7   23,7  18:28   11,1  07:51    0,2    0,0    0,0    1,0    9,4  23:10     84
 20   16,4   21,3  16:07   10,3  07:48    0,9    0,0    0,0    2,1   10,3  00:49     81
 21   15,4   21,1  17:30    9,9  07:53    1,4    0,0    0,0    0,8    7,6  16:12     70
 22   17,2   24,0  15:36   10,8  08:12    0,4    0,0    0,0    0,5    6,3  18:36     60
 23   18,1   24,5  17:40   13,5  09:20    0,0    0,1    0,0    0,9    7,2  18:39     60
 24   18,6   26,4  16:34   10,8  07:16    0,0    0,3    0,0    0,4    7,2  14:39     75
 25   19,1   29,5  16:51   10,2  07:29    0,0    0,6    0,0    0,4    6,3  15:29     64
 26   18,4   27,0  16:16    9,9  04:48    0,0    0,2    0,0    0,3    5,4  17:07    186
 27   18,7   24,4  16:21   13,4  07:40    0,0    0,4    0,0    0,6    7,6  15:25    231
 28   13,4   18,6  16:28    9,2  23:48    2,5    0,0    0,0    0,8    9,4  15:27    230
 29    8,8   14,1  17:45    3,8  08:20    5,1    0,0    2,8    1,1   12,1  17:42    239
 30    7,8   12,9  14:07    3,2  07:10    5,7    0,0    0,0    0,3    8,0  15:52    236
---------------------------------------------------------------------------------------
      12,8   29,5     25    2,7     14   87,9    1,6   43,6    0,7   13,0     11    212
    

