                   MONTHLY CLIMATOLOGICAL SUMMARY for nov 2023


NAME: El Campillo (Rivas-Vaciamadrid)                  
ELEV: 539 metros    LAT: 39-11.40 N    LONG: 003-18.00 W


                   TEMPERATURE (C), RAIN (mm), WIND SPEED (m/s)

                                         HEAT   COOL         AVG
      MEAN                               DEG    DEG          WIND                   DOM
DAY   TEMP   HIGH   TIME    LOW   TIME   DAYS   DAYS   RAIN  SPEED   HIGH   TIME    DIR
---------------------------------------------------------------------------------------
 01   11,6   16,1  13:39    6,3  02:56    3,6    0,0    0,8    0,0    0,0  00:00     90
 02   12,5   16,7  14:50    6,7  23:24    3,0    0,0   19,4    0,0    0,0  00:00     90
 03   10,2   13,9  15:15    6,8  00:22    4,3    0,0    0,0    0,0    0,0  00:00     90
 04   11,9   15,4  13:10    9,9  05:47    3,4    0,0    2,8    0,0    0,0  00:00     90
 05   11,0   15,4  15:33    8,1  06:56    3,9    0,0    0,0    0,0    0,0  00:00     90
 06    8,6   14,9  14:52    3,9  23:23    5,2    0,0    0,0    0,0    0,0  00:00     90
 07    6,5   12,4  14:08    1,9  07:51    6,4    0,0    0,4    0,0    0,0  00:00     90
 08    8,4   13,8  15:07    3,8  04:16    5,4    0,0    0,0    0,0    0,0  00:00     90
 09   12,0   17,1  15:48    9,4  23:51    3,4    0,0    0,8    0,0    0,0  00:00     90
 10   11,5   16,2  15:27    6,9  07:52    3,6    0,0    1,8    0,0    0,0  00:00     90
 11   14,7   18,2  12:30   11,5  00:16    1,8    0,0    0,0    0,0    0,0  00:00     90
 12   15,1   19,8  16:09   12,2  05:20    1,6    0,0    0,0    0,0    0,0  00:00     90
 13   15,4   19,7  14:42   10,6  23:58    1,4    0,0    0,0    0,0    0,0  00:00     90
 14   11,3   16,0  17:16    8,1  03:57    3,7    0,0    0,2    0,0    0,0  00:00     90
 15   10,5   15,4  16:32    6,6  03:41    4,2    0,0    0,2    0,0    0,0  00:00     90
 16   10,5   12,8  16:19    9,4  07:17    4,1    0,0    0,4    0,0    0,0  00:00     90
 17   11,9   17,1  15:36    8,6  23:53    3,4    0,0    0,2    0,0    0,0  00:00     90
 18   11,3   20,3  16:12    5,6  08:11    3,7    0,0    0,2    0,0    0,0  00:00     90
 19   10,4   20,4  16:32    4,0  08:04    4,2    0,0    0,4    0,0    0,0  00:00     90
 20    9,9   19,6  16:29    3,2  07:17    4,5    0,0    0,2    0,0    0,0  00:00     90
 21    9,5   14,3  14:20    5,1  05:11    4,7    0,0    0,2    0,0    0,0  00:00     90
 22    9,6   14,8  15:00    5,1  06:17    4,7    0,0    0,0    0,0    0,0  00:00     90
 23    7,2   16,1  16:41    0,7  07:29    6,0    0,0    0,0    0,0    0,0  00:00     90
 24    5,8   17,4  16:37   -1,3  08:18    6,8    0,0    0,0    0,0    0,0  00:00     90
 25    6,1   17,6  16:21   -1,1  07:37    6,6    0,0    0,2    0,0    0,0  00:00     90
 26    7,0   15,5  16:07    0,4  08:21    6,1    0,0    0,2    0,0    0,0  00:00     90
 27    7,1   12,4  16:19    2,4  06:55    6,1    0,0    0,0    0,0    0,0  00:00     90
 28    9,4   11,8  15:29    7,0  02:14    4,8    0,0    0,0    0,0    0,0  00:00     90
 29   12,1   15,4  16:46   10,6  08:36    3,3    0,0    0,4    0,0    0,0  00:00     90
 30   12,8   16,2  12:50   11,1  08:17    2,9    0,0   39,2    0,0    0,0  00:00     90
---------------------------------------------------------------------------------------
      10,4   20,4     19   -1,3     24  126,8    0,0   68,0    0,0    0,0     01     90
    
