                   MONTHLY CLIMATOLOGICAL SUMMARY for abr 2021


NAME: El Campillo (Rivas-Vaciamadrid)                  
ELEV: 539 metros    LAT: 39-11.40 N    LONG: 003-18.00 W


                   TEMPERATURE (C), RAIN (mm), WIND SPEED (m/s)

                                         HEAT   COOL         AVG
      MEAN                               DEG    DEG          WIND                   DOM
DAY   TEMP   HIGH   TIME    LOW   TIME   DAYS   DAYS   RAIN  SPEED   HIGH   TIME    DIR
---------------------------------------------------------------------------------------
 01   16,6   24,4  16:15   10,0  06:03    0,8    0,0    0,0    0,4    8,0  13:34     71
 02   13,2   18,1  16:44   10,4  09:22    2,7    0,0    9,2    0,0    5,8  17:42    274
 03   12,7   21,2  17:33    7,0  05:41    3,0    0,0    3,0    0,0   11,2  17:54    331
 04   13,2   21,2  18:24    4,7  07:52    2,7    0,0    0,0    0,0    3,1  14:40     68
 05   14,0   22,8  18:33    5,7  06:26    2,2    0,0    0,0    0,0    4,9  17:23    349
 06   14,8   24,4  18:20    3,9  07:52    1,8    0,0    0,0    0,0    4,9  16:51    248
 07   13,2   22,2  18:11    4,6  07:58    2,7    0,0    0,0    0,2    7,6  21:27     85
 08   12,9   19,1  17:25    8,8  07:14    2,9    0,0    0,0    0,3    6,3  03:51     73
 09   10,8   14,6  17:49    7,7  10:11    4,0    0,0    6,6    0,1    3,1  00:33     84
 10   12,4   19,1  17:07    7,6  07:12    3,1    0,0    5,8    0,1    9,4  20:26    164
 11   12,0   17,3  14:05    9,1  23:59    3,3    0,0   12,0    0,2    5,8  20:47     69
 12   10,1   16,7  18:27    3,9  07:47    4,4    0,0    0,0    0,1    4,9  11:19     67
 13   11,7   14,6  14:04    9,0  07:20    3,5    0,0    0,2    0,0    4,5  17:26     58
 14   14,8   21,2  17:26   10,1  07:54    1,8    0,0    0,0    0,1    4,9  19:36     74
 15   13,3   17,8  15:51   11,0  07:32    2,6    0,0    0,0    0,1    5,8  02:50     76
 16   12,4   18,1  17:21    8,4  23:59    3,1    0,0    0,0    0,1    5,4  17:33     34
 17    9,8   17,1  19:24    1,7  07:16    4,6    0,0    0,0    0,1    5,4  23:24     66
 18   11,0   19,9  18:52    1,5  07:46    3,9    0,0    0,0    0,1    4,9  01:45     70
 19   13,3   22,3  16:00    4,8  05:51    2,6    0,0    0,0    0,0    6,3  15:55    256
 20   13,9   19,6  14:23    8,9  05:54    2,3    0,0    0,2    0,0    6,7  15:20    310
 21   13,3   18,9  13:57    8,9  07:29    2,6    0,0    0,0    0,1    6,3  18:12    201
 22   12,4   17,6  17:36    9,7  04:36    3,1    0,0    7,2    0,0    2,7  15:15     90
 23   13,5   17,1  17:26    9,6  04:04    2,5    0,0    0,0    0,6    9,4  17:47     83
 24   12,8   16,3  14:42    9,3  07:39    2,9    0,0    2,0    0,8    7,6  14:52     80
 25   11,1   12,7  12:41    9,9  05:54    3,8    0,0    9,0    0,1    6,3  00:18     67
 26   14,1   21,1  19:33    9,6  04:23    2,1    0,0    0,0    0,0    3,6  14:49    202
 27   14,0   20,6  15:51    8,6  06:37    2,2    0,0    0,8    0,0    4,5  18:25    135
 28   12,6   18,6  15:06    8,7  05:34    3,0    0,0    2,8    0,0    6,3  15:20    195
 29   13,2   17,4  16:40    9,2  23:50    2,7    0,0    1,4    0,1    7,6  18:43    228
 30   11,5   17,6  17:43    5,3  05:49    3,6    0,0    0,0    0,1    4,9  18:19    201
---------------------------------------------------------------------------------------
      12,8   24,4     01    1,5     18   86,3    0,0   60,2    0,1   11,2     03     78
    
