                   MONTHLY CLIMATOLOGICAL SUMMARY for jun 2022


NAME: El Campillo (Rivas-Vaciamadrid)                  
ELEV: 539 metros    LAT: 39-11.40 N    LONG: 003-18.00 W


                   TEMPERATURE (C), RAIN (mm), WIND SPEED (m/s)

                                         HEAT   COOL         AVG
      MEAN                               DEG    DEG          WIND                   DOM
DAY   TEMP   HIGH   TIME    LOW   TIME   DAYS   DAYS   RAIN  SPEED   HIGH   TIME    DIR
---------------------------------------------------------------------------------------
 01   23,3   30,0  16:58   14,2  07:15    0,0    3,0    0,0    0,0    7,6  18:37    210
 02   22,4   29,4  17:00   13,8  06:40    0,0    2,5    0,0    0,0    5,4  14:51     90
 03   21,9   28,2  18:34   14,7  06:00    0,0    2,2    0,0    0,0    6,3  11:37     90
 04   20,7   28,1  16:21   11,3  07:13    0,0    1,5    0,0    0,0    4,5  16:30     90
 05   22,0   30,1  18:11   12,1  07:20    0,0    2,2    0,0    0,0    4,5  12:11     90
 06   23,7   31,9  17:34   13,0  07:24    0,0    3,2    0,0    0,0    7,2  15:03    214
 07   25,0   33,2  15:57   13,6  06:21    0,0    3,9    0,0    0,0    6,7  15:28    202
 08   24,0   28,9  16:30   17,2  06:58    0,0    3,3    0,0    0,1    8,0  14:40    279
 09   25,5   33,6  17:35   15,8  06:34    0,0    4,2    0,0    0,0    4,9  19:09     68
 10   27,8   38,1  20:50   17,2  07:13    0,0    5,5    0,0    0,0    2,2  00:18     90
 11   29,6   37,9  16:08   20,3  07:32    0,0    6,4    0,0    0,0    4,0  14:26     90
 12   29,8   38,2  19:03   21,2  07:42    0,0    6,6    0,0    0,0    6,3  02:39     60
 13   30,1   39,3  18:22   19,4  06:38    0,0    6,7    0,0    0,0    6,7  16:41     90
 14   31,0   39,9  16:31   20,4  07:17    0,0    7,2    0,0    0,0    5,4  17:46     90
 15   30,3   39,7  16:32   21,0  05:46    0,0    6,8    0,0    0,3   12,1  21:07     69
 16   31,4   39,2  16:13   24,4  08:07    0,0    7,5    0,0    0,0   13,9  19:47    199
 17   30,8   39,6  16:49   22,3  06:50    0,0    7,1    0,0    0,0    5,4  15:05    349
 18   32,0   39,6  16:29   24,2  07:30    0,0    7,8    0,0    0,1    9,4  17:36    102
 19   24,1   29,9  00:00   17,5  07:22    0,0    3,4    0,0    0,0    8,5  18:50    215
 20   22,4   29,1  15:38   15,0  06:52    0,0    2,5    0,0    0,0    8,0  14:14    223
 21   21,0   28,7  19:16   11,9  07:07    0,0    1,6    0,0    0,0    7,2  18:52     90
 22   19,6   24,8  19:09   13,1  07:24    0,0    0,9    0,0    0,0    6,3  15:34    225
 23   19,1   24,7  17:52   14,2  06:55    0,0    0,6    1,4    0,0    7,6  14:58    214
 24   20,3   27,7  18:30   11,0  07:19    0,0    1,3    0,0    0,0    8,0  17:08    221
 25   21,5   28,1  17:37   13,2  06:13    0,0    1,9    0,0    0,0    7,6  14:16    219
 26   22,1   28,2  19:16   14,3  06:29    0,0    2,3    0,0    0,0    8,9  15:40    219
 27   22,3   29,8  16:55   13,7  07:16    0,0    2,4    0,0    0,0    3,6  17:00     90
 28   23,6   32,4  19:00   14,4  06:34    0,0    3,1    0,0    0,0    4,9  19:37     90
 29   24,6   33,3  15:55   13,4  06:08    0,0    3,7    0,0    0,0    7,6  17:24    221
 30   24,0   30,8  17:09   15,1  07:29    0,0    3,3    0,0    0,0    5,8  16:01    214
---------------------------------------------------------------------------------------
      24,9   39,9     14   11,0     24    0,0  114,5    1,4    0,0   13,9     16    111
    
