                   MONTHLY CLIMATOLOGICAL SUMMARY for oct 2023


NAME: El Campillo (Rivas-Vaciamadrid)                  
ELEV: 539 metros    LAT: 39-11.40 N    LONG: 003-18.00 W


                   TEMPERATURE (C), RAIN (mm), WIND SPEED (m/s)

                                         HEAT   COOL         AVG
      MEAN                               DEG    DEG          WIND                   DOM
DAY   TEMP   HIGH   TIME    LOW   TIME   DAYS   DAYS   RAIN  SPEED   HIGH   TIME    DIR
---------------------------------------------------------------------------------------
 01   22,3   33,1  16:28   13,2  07:53    0,0    2,4    0,0    0,0    0,0  00:00     90
 02   21,0   32,4  17:37   11,9  08:17    0,0    1,7    0,0    0,0    0,0  00:00     90
 03   20,4   32,1  18:10   11,8  08:03    0,0    1,3    0,0    0,0    0,0  00:00     90
 04   21,5   30,7  17:56   14,0  06:04    0,0    1,9    0,0    0,0    0,0  00:00     90
 05   21,5   33,2  17:22   13,2  07:38    0,0    1,9    0,0    0,0    0,0  00:00     90
 06   21,6   32,9  17:05   12,4  08:17    0,0    2,0    0,0    0,0    0,0  00:00     90
 07   20,9   32,4  17:23   12,1  07:51    0,0    1,6    0,0    0,0    0,0  00:00     90
 08   20,1   31,5  16:38   10,9  07:44    0,0    1,2    0,0    0,0    0,0  00:00     90
 09   20,2   31,2  17:56   12,3  08:27    0,0    1,2    0,0    0,0    0,0  00:00     90
 10   18,7   29,3  17:48   10,4  08:30    0,0    0,4    0,0    0,0    0,0  00:00     90
 11   18,1   29,6  17:15    9,3  08:12    0,0    0,1    0,0    0,0    0,0  00:00     90
 12   18,1   29,7  17:50    9,0  08:24    0,0    0,0    0,0    0,0    0,0  00:00     90
 13   19,6   28,1  17:20   11,1  08:33    0,0    0,9    0,0    0,0    0,0  00:00     90
 14   18,2   23,7  17:21   14,1  08:32    0,0    0,1    4,4    0,0    0,0  00:00     90
 15   16,6   23,3  15:07   10,7  08:54    0,8    0,0    2,2    0,0    0,0  00:00     90
 16   17,6   21,6  16:20   15,2  08:42    0,2    0,0    0,4    0,0    0,0  00:00     90
 17   19,6   25,5  14:43   15,0  06:02    0,0    0,9    0,0    0,0    0,0  00:00     90
 18   18,1   22,3  16:03   15,4  23:39    0,0    0,0    1,0    0,0    0,0  00:00     90
 19   14,5   17,6  16:10   11,2  23:58    1,9    0,0   93,6    0,0    0,0  00:00     90
 20   12,8   17,4  16:40    9,8  02:11    2,9    0,0    3,4    0,0    0,0  00:00     90
 21   11,4   16,8  16:48    5,9  08:20    3,7    0,0    0,0    0,0    0,0  00:00     90
 22   12,0   16,5  14:49    8,9  02:54    3,3    0,0   37,0    0,0    0,0  00:00     90
 23   12,7   16,8  15:22   10,6  09:21    2,9    0,0    5,6    0,0    0,0  00:00     90
 24   11,6   14,5  17:08    8,6  08:34    3,6    0,0    1,2    0,0    0,0  00:00     90
 25   14,8   18,8  15:41   11,4  03:02    1,8    0,0    0,2    0,0    0,0  00:00     90
 26   15,8   19,4  13:07   11,9  23:59    1,2    0,0    7,0    0,0    0,0  00:00     90
 27   12,5   16,7  16:10    8,9  06:40    3,1    0,0    0,4    0,0    0,0  00:00     90
 28   14,1   18,1  16:36   10,5  06:16    2,2    0,0    0,0    0,0    0,0  00:00     90
 29   15,1   18,2  15:05   12,3  07:56    1,6    0,0    0,8    0,0    0,0  00:00     90
 30   12,5   16,3  15:05    7,8  22:46    3,1    0,0    3,0    0,0    0,0  00:00     90
 31    9,4   13,9  16:18    5,8  06:51    4,8    0,0    0,2    0,0    0,0  00:00     90
---------------------------------------------------------------------------------------
      16,9   33,2     05    5,8     31   37,0   17,8  160,4    0,0    0,0     01     90
    
