                   MONTHLY CLIMATOLOGICAL SUMMARY for feb 2022


NAME: El Campillo (Rivas-Vaciamadrid)                  
ELEV: 539 metros    LAT: 39-11.40 N    LONG: 003-18.00 W


                   TEMPERATURE (C), RAIN (mm), WIND SPEED (m/s)

                                         HEAT   COOL         AVG
      MEAN                               DEG    DEG          WIND                   DOM
DAY   TEMP   HIGH   TIME    LOW   TIME   DAYS   DAYS   RAIN  SPEED   HIGH   TIME    DIR
---------------------------------------------------------------------------------------
 01   10,0   16,2  15:31    4,1  08:30    4,5    0,0    0,0    1,2   13,0  16:10     67
 02    8,4   19,2  16:48    0,3  07:59    5,3    0,0    0,0    0,0    2,2  00:03     68
 03    7,2   18,2  16:37   -1,7  08:24    6,0    0,0    0,0    0,0    1,3  17:00     90
 04    8,6   14,3  16:35    3,3  08:26    5,2    0,0    0,0    0,0    2,2  15:51    202
 05    9,5   15,9  16:21    4,5  09:05    4,7    0,0    0,0    0,2    6,3  12:07     68
 06    6,7   15,1  15:48    0,9  08:22    6,3    0,0    0,0    0,0    3,1  06:34     90
 07    7,4   18,7  16:34   -2,7  06:19    5,9    0,0    0,0    0,1    5,4  14:41     63
 08    9,1   18,3  16:57    1,8  08:13    5,0    0,0    0,0    0,0    3,6  14:11     68
 09    7,0   16,2  17:08   -0,6  07:37    6,1    0,0    0,0    0,0    3,1  16:31     90
 10    6,2   16,6  16:55   -1,7  08:03    6,6    0,0    0,0    0,0    1,8  16:09     90
 11    7,8   17,7  16:48    0,0  08:00    5,6    0,0    0,0    0,0    3,6  18:17     68
 12    8,6   16,7  16:29    1,9  06:47    5,2    0,0    0,0    0,0    2,2  16:32     90
 13    9,0   14,7  15:32    4,9  02:56    5,0    0,0    0,0    0,2    6,7  14:50    229
 14    8,1   12,7  16:47    3,4  23:56    5,5    0,0    0,4    0,3    7,2  12:05    276
 15    5,8   13,7  16:50   -1,6  07:48    6,8    0,0    0,0    0,0    5,8  15:55    228
 16    8,0   16,0  15:49    1,3  08:14    5,6    0,0    0,0    0,1    7,2  17:37    279
 17    8,4   18,7  17:23    0,5  06:32    5,3    0,0    0,0    0,0    0,9  15:39     90
 18    9,3   19,8  16:23    0,4  07:41    4,8    0,0    0,0    0,0    3,6  15:35    225
 19    9,1   12,8  16:43    3,9  00:00    5,0    0,0    0,0    0,7    8,0  10:15     68
 20    6,5   15,6  16:58   -3,1  08:10    6,4    0,0    0,0    0,0    4,0  16:05     39
 21    9,3   18,9  17:42    0,1  08:03    4,8    0,0    0,0    0,0    4,0  13:01     65
 22   11,6   21,0  15:46    2,2  04:33    3,6    0,0    0,0    0,2    8,9  13:46     62
 23    9,4   19,9  16:45   -0,1  06:55    4,8    0,0    0,0    0,0    4,0  13:39     68
 24    9,2   17,8  16:34    1,2  08:26    4,9    0,0    0,0    0,0    4,9  23:52     68
 25    9,0   11,4  17:22    6,4  08:59    5,0    0,0    2,2    0,1    5,8  00:06     66
 26    9,1   10,7  13:19    7,5  07:33    5,0    0,0    1,0    0,0    5,8  18:41     90
 27    9,3   14,8  16:56    5,2  23:32    4,8    0,0    0,2    0,0    0,0  00:00     90
 28    9,0   17,5  17:08    1,8  06:35    5,0    0,0    0,0    0,0    0,0  00:00     90
---------------------------------------------------------------------------------------
       8,4   21,0     22   -3,1     20  148,6    0,0    3,8    0,1   13,0     01     63
    
