                     CLIMATOLOGICAL SUMMARY for year 2019


NAME: El Campillo (Rivas-Vaciamadrid)                  
ELEV: 539 metros    LAT: 39-11.40 N    LONG: 003-18.00 W


                                       TEMPERATURE (C)

                              HEAT    COOL                              MAX    MAX    MIN    MIN
          MEAN   MEAN         DEG     DEG                                >=     <=     <=     <=
 YR  MO   MAX    MIN    MEAN  DAYS    DAYS      HI  DAY     LOW  DAY     30      0      0    -20
------------------------------------------------------------------------------------------------
2019 01   12,6   -2,1    4,4  235,0    0,0    16,9   07    -6,5   06      0      0     24      0
2019 02   16,4   -0,2    7,5  163,4    0,0    21,7   27    -4,1   04      0      0     15      0
2019 03   19,1    3,7   11,5  112,4    0,0    25,8   16    -0,2   14      0      0      1      0
2019 04   19,1    7,0   12,9   73,1    1,1    27,3   30     1,0   13      0      0      0      0
2019 05   26,3   10,5   18,7   13,3   25,3    33,1   31     5,0   04      6      0      0      0
2019 06   31,1   15,4   23,8    1,0   96,9    41,1   29     7,4   12     16      0      0      0
2019 07   35,6   19,7   27,9    0,0  169,9    39,9   12    14,8   28     29      0      0      0
2019 08   33,9   17,8   25,8    0,0  134,7    37,8   17    13,4   26     27      0      0      0
2019 09   27,8   14,3   20,6    1,0   44,6    34,2   01     8,8   30     10      0      0      0
2019 10   22,6    9,4   15,4   53,8    9,6    30,6   08     3,2   21      1      0      0      0
2019 11   13,6    5,6    9,5  142,8    0,0    20,4   01    -2,1   19      0      0      3      0
2019 12   12,7    3,9    7,7  177,8    0,0    17,7   21    -2,6   30      0      0      4      0
------------------------------------------------------------------------------------------------
          22,6    8,8   15,6  973,5  482,0    41,1  jun    -6,5  ene     89      0     47      0


                  PRECIPITATION (mm)

                  MAX         ---DAYS OF RAIN---
                  OBS.               OVER
 YR  MO  TOTAL    DAY  DATE   0.30   3.00  30.00
------------------------------------------------
2019 01   10,4    4,8    19      4      1      0
2019 02    4,8    4,8    01      1      1      0
2019 03    6,4    6,2    06      1      1      0
2019 04   56,4   22,4    18     10      4      0
2019 05    0,0    0,0    01      0      0      0
2019 06    1,0    1,0    07      1      0      0
2019 07    2,4    2,2    24      1      0      0
2019 08   61,8   58,0    26      3      1      1
2019 09   63,6   30,8    15      6      5      1
2019 10   37,0   15,0    23      9      3      0
2019 11   33,2    5,8    22     13      4      0
2019 12   61,0   32,0    20      8      4      1
------------------------------------------------
         338,0   58,0   ago     57     24      3


           WIND SPEED (m/s)

                                DOM
 YR  MO    AVG     HI   DATE    DIR
-----------------------------------
2019 01    0,2   16,1     31    267 
2019 02    0,2   14,3     01    262 
2019 03    0,3   12,1     06     76 
2019 04    0,2   13,0     25    101 
2019 05    0,4   13,0     16     66 
2019 06    0,4   12,1     27    181 
2019 07    0,3   10,3     23    111 
2019 08    0,3   14,8     30    136 
2019 09    0,3   12,5     11     68 
2019 10    0,1   14,8     12    245 
2019 11    0,3   15,2     03    251 
2019 12    0,4   15,6     21    238 
-----------------------------------
           0,3   16,1    ene    197
