                   MONTHLY CLIMATOLOGICAL SUMMARY for mar 2022


NAME: El Campillo (Rivas-Vaciamadrid)                  
ELEV: 539 metros    LAT: 39-11.40 N    LONG: 003-18.00 W


                   TEMPERATURE (C), RAIN (mm), WIND SPEED (m/s)

                                         HEAT   COOL         AVG
      MEAN                               DEG    DEG          WIND                   DOM
DAY   TEMP   HIGH   TIME    LOW   TIME   DAYS   DAYS   RAIN  SPEED   HIGH   TIME    DIR
---------------------------------------------------------------------------------------
 01    9,2   18,6  17:17    0,5  07:57    4,9    0,0    0,0    0,0    3,1  16:42     90
 02   11,6   16,9  16:19    6,6  07:43    3,6    0,0    0,0    0,1    7,2  16:27    275
 03    7,2   10,4  11:34    3,8  07:51    6,0    0,0   14,0    0,1    7,6  23:25     68
 04    8,4   13,3  14:03    4,9  02:57    5,3    0,0    1,0    0,1    7,2  12:36     70
 05    7,0   12,4  15:49    2,5  07:46    6,1    0,0    0,0    0,0    1,3  14:55     90
 06    7,2   11,2  16:51    2,4  07:34    6,0    0,0    0,0    0,0    4,5  01:25     68
 07    7,6   12,6  13:27    4,4  07:47    5,8    0,0    2,4    0,0    3,6  15:28     90
 08    8,5   13,7  16:01    5,2  23:29    5,3    0,0    0,0    0,0    0,4  09:13     90
 09    8,7   14,9  13:48    1,8  06:37    5,1    0,0    0,0    0,0    0,4  12:43     90
 10   10,5   15,5  17:04    7,1  06:03    4,2    0,0    0,0    0,0    1,3  16:40     90
 11    9,2   14,1  15:51    7,1  04:26    4,9    0,0    3,8    0,0    2,7  16:13     90
 12    8,4   13,1  14:18    2,4  07:33    5,3    0,0    0,4    0,0    6,7  14:56    205
 13    9,7   14,7  15:42    3,7  07:29    4,6    0,0    6,8    0,0    7,6  03:40    270
 14    9,6   14,6  18:10    5,5  12:29    4,6    0,0    8,6    0,7   13,4  16:08     87
 15   14,3   17,4  15:34   11,6  00:29    2,1    0,0    0,0    0,0    6,7  13:24     68
 16   12,9   15,9  15:37   11,4  05:42    2,8    0,0    0,0    0,0    1,8  23:13     90
 17   11,1   12,8  15:56    8,8  23:29    3,8    0,0    0,0    0,2   10,3  14:05     67
 18   10,3   14,3  16:48    6,3  07:26    4,3    0,0    0,0    0,0    0,9  01:49     90
 19   10,1   14,3  13:59    5,8  07:09    4,4    0,0    0,0    0,0    0,4  13:24     90
 20   11,1   14,6  16:56    7,9  05:47    3,9    0,0    0,0    1,7   12,1  17:48     88
 21   10,3   14,8  14:30    8,0  09:12    4,3    0,0    8,8    0,8   13,0  05:23     79
 22    9,8   12,0  16:19    8,3  23:44    4,5    0,0    1,0    1,0   12,1  17:04     90
 23    9,1   13,2  14:24    6,7  07:27    4,9    0,0    1,0    0,0    0,4  12:55     90
 24    9,7   13,3  16:35    6,8  05:47    4,6    0,0    2,0    0,0    0,4  11:31     90
 25   10,6   14,0  16:10    8,3  07:02    4,1    0,0    1,8    0,0    1,3  17:32     90
 26   10,2   13,6  16:53    7,8  05:05    4,3    0,0    0,2    0,0    0,4  07:03     90
 27   11,1   14,6  17:31    8,1  08:07    3,8    0,0    0,2    0,0    0,4  16:55     90
 28   10,3   17,3  16:27    3,6  07:15    4,3    0,0    0,0    0,0    0,4  09:30     90
 29   12,6   18,8  16:12    8,2  07:20    3,0    0,0    0,0    0,0    0,0  00:00     90
 30   10,0   12,7  15:38    7,4  23:14    4,4    0,0    2,8    0,0    0,0  00:00     90
 31    8,4   14,2  17:07    3,1  05:14    5,3    0,0    0,4    0,0    0,9  10:39     90
---------------------------------------------------------------------------------------
       9,8   18,8     29    0,5     01  140,7    0,0   55,2    0,2   13,4     14     85
    
