                     CLIMATOLOGICAL SUMMARY for year 2026


NAME: El Campillo (Rivas-Vaciamadrid)                  
ELEV: 539 metros    LAT: 39-11.40 N    LONG: 003-18.00 W


                                       TEMPERATURE (C)

                              HEAT    COOL                              MAX    MAX    MIN    MIN
          MEAN   MEAN         DEG     DEG                                >=     <=     <=     <=
 YR  MO   MAX    MIN    MEAN  DAYS    DAYS      HI  DAY     LOW  DAY     30      0      0    -20
------------------------------------------------------------------------------------------------
2026 01   10,1    1,2    5,4  217,5    0,0    13,9   03    -5,4   06      0      0     12      0
2026 02   15,1    4,5    9,2  137,5    0,0    23,4   26    -0,7   15      0      0      2      0
2026 03   17,2    4,9   10,6  127,7    0,0    24,5   17     0,4   30      0      0      0      0
2026 04   24,6    9,0   16,7   30,2    8,8    29,4   10     2,0   03      0      0      0      0
2026 05   26,3   11,2   18,8   35,5   48,5    37,6   29     4,2   16     12      0      0      0
2026 06   34,4   18,7   26,8    0,0  137,7    40,1   23    13,4   05     26      0      0      0
2026 07   37,2   19,3   28,6    0,0  140,2    40,6   06    15,8   18     24      0      0      0
2026 08
2026 09
2026 10
2026 11
2026 12
------------------------------------------------------------------------------------------------
          23,0    9,4   16,0  548,3  335,2    40,6  jul    -5,4  ene     62      0     14      0


                  PRECIPITATION (mm)

                  MAX         ---DAYS OF RAIN---
                  OBS.               OVER
 YR  MO  TOTAL    DAY  DATE   0.30   3.00  30.00
------------------------------------------------
2026 01  107,6   18,8    29     17     11      0
2026 02   91,2   15,8    05     14      9      0
2026 03   48,0   18,0    05      7      3      0
2026 04   20,0    7,2    24      5      3      0
2026 05   58,0   17,0    09      7      7      0
2026 06    7,4    7,4    14      1      1      0
2026 07    0,4    0,4    07      1      0      0
2026 08
2026 09
2026 10
2026 11
2026 12
------------------------------------------------
         332,6   18,8   ene     52     34      0


           WIND SPEED (m/s)

                                DOM
 YR  MO    AVG     HI   DATE    DIR
-----------------------------------
2026 01    0,0    0,0     01     90 
2026 02    0,0    0,0     01     90 
2026 03    0,0    0,0     01     90 
2026 04    0,0    0,0     01     90 
2026 05    0,0    0,0     01     90 
2026 06    0,0    0,0     01     90 
2026 07    0,0    0,0     01     90 
2026 08
2026 09
2026 10
2026 11
2026 12
-----------------------------------
           0,0    0,0    ene     90
