                   MONTHLY CLIMATOLOGICAL SUMMARY for mar 2019


NAME: El Campillo (Rivas-Vaciamadrid)                  
ELEV: 539 metros    LAT: 39-11.40 N    LONG: 003-18.00 W


                   TEMPERATURE (C), RAIN (mm), WIND SPEED (m/s)

                                         HEAT   COOL         AVG
      MEAN                               DEG    DEG          WIND                   DOM
DAY   TEMP   HIGH   TIME    LOW   TIME   DAYS   DAYS   RAIN  SPEED   HIGH   TIME    DIR
---------------------------------------------------------------------------------------
 01   11,1   20,9  15:35    1,9  06:41    3,8    0,0    0,0    0,0    4,9  14:38    292
 02   12,1   21,6  18:04    3,7  08:06    3,3    0,0    0,0    0,0    3,1  14:58    214
 03   11,3   21,7  15:22    0,6  07:43    3,7    0,0    0,0    0,2    6,3  14:20    229
 04   11,5   16,6  15:33    7,7  05:01    3,6    0,0    0,0    0,4    9,4  15:21    244
 05   11,3   16,1  14:55    7,6  08:04    3,7    0,0    0,0    0,3    7,2  15:35    225
 06   10,8   13,4  01:49    6,5  23:58    4,0    0,0    6,2    0,5   12,1  16:40    226
 07    7,5   12,9  16:56    1,8  08:02    5,8    0,0    0,0    0,2    7,6  16:20    225
 08    9,7   16,8  16:11    4,2  07:15    4,6    0,0    0,0    0,0    4,0  11:46     68
 09   10,6   20,1  16:31    1,9  07:37    4,1    0,0    0,0    0,0    0,4  14:22     90
 10   12,7   23,7  17:12    2,4  07:45    2,9    0,0    0,0    0,0    2,2  14:29     90
 11   12,9   20,1  15:59    5,4  07:16    2,8    0,0    0,0    0,1    7,2  11:31     67
 12   12,5   22,7  16:48    1,7  07:41    3,1    0,0    0,0    0,2    8,9  15:08    236
 13   11,4   15,7  15:38    6,3  07:37    3,7    0,0    0,0    0,2    8,9  11:36     56
 14    9,6   19,4  17:36   -0,2  06:39    4,7    0,0    0,0    0,0    3,1  14:53     90
 15   11,4   24,6  17:14    0,1  07:31    3,7    0,0    0,0    0,0    2,2  16:32     90
 16   13,5   25,8  15:43    1,6  06:40    2,5    0,0    0,0    0,0    4,5  15:19    218
 17   13,1   21,3  16:51    3,6  07:27    2,7    0,0    0,0    0,2    9,4  13:00    302
 18   10,0   16,3  17:00    3,4  07:30    4,5    0,0    0,0    0,8    8,0  12:56     69
 19   10,4   16,1  16:10    5,0  01:55    4,2    0,0    0,0    0,4    8,9  14:05     67
 20    9,1   15,7  17:55    2,2  07:11    4,9    0,0    0,0    0,4    8,9  10:41     68
 21    9,3   16,5  17:51    2,2  07:12    4,8    0,0    0,0    0,0    9,4  00:34     50
 22   10,5   18,4  17:21    0,4  07:25    4,2    0,0    0,0    0,4    8,9  15:29     72
 23   12,8   20,1  14:48    3,6  06:38    2,9    0,0    0,0    0,5    7,6  13:53     80
 24   14,5   22,1  17:30    7,5  07:08    1,9    0,0    0,0    0,3    9,8  12:51     70
 25   14,4   22,2  14:14    5,8  05:41    2,0    0,0    0,0    0,7    7,6  23:03     64
 26   13,3   21,9  17:30    6,0  07:19    2,6    0,0    0,0    1,4    8,9  01:10     67
 27   11,3   19,3  17:54    2,9  07:18    3,7    0,0    0,0    0,0    5,4  14:16     68
 28   12,0   19,4  17:11    2,5  07:09    3,3    0,0    0,0    0,1    4,9  02:34     54
 29   12,3   17,7  16:03    4,7  06:50    3,1    0,0    0,0    0,8   10,3  14:32     80
 30   12,3   19,2  18:12    4,3  06:35    3,2    0,0    0,0    0,0    7,2  00:00     81
 31   10,7   12,4  00:07    8,2  06:41    4,1    0,0    0,2    0,0    4,5  00:24     79
---------------------------------------------------------------------------------------
      11,5   25,8     16   -0,2     14  112,4    0,0    6,4    0,3   12,1     06     76
    

