                     CLIMATOLOGICAL SUMMARY for year 2018


NAME: El Campillo (Rivas-Vaciamadrid)                  
ELEV: 539 metros    LAT: 39-11.40 N    LONG: 003-18.00 W


                                       TEMPERATURE (C)

                              HEAT    COOL                              MAX    MAX    MIN    MIN
          MEAN   MEAN         DEG     DEG                                >=     <=     <=     <=
 YR  MO   MAX    MIN    MEAN  DAYS    DAYS      HI  DAY     LOW  DAY     30      0      0    -20
------------------------------------------------------------------------------------------------
2018 01
2018 02   12,9    0,5    6,5   89,2    0,0    17,3   26    -5,9   24      0      0      6      0
2018 03   12,9    4,3    8,3  166,8    0,0    21,5   27    -0,7   22      0      0      1      0
2018 04   18,8    7,3   12,8   87,9    1,6    29,5   25     2,7   14      0      0      0      0
2018 05   23,4   10,5   16,5   30,1    4,6    27,9   23     2,9   01      0      0      0      0
2018 06   28,8   14,7   21,9   10,0   74,3    38,1   24     8,4   10     15      0      0      0
2018 07   33,1   17,1   25,6    0,0  131,1    36,9   31    13,9   03     26      0      0      0
2018 08   35,2   19,0   27,2    0,0  158,0    40,7   03    14,1   27     31      0      0      0
2018 09   31,1   16,4   23,4    0,0   89,7    36,7   02    10,9   29     19      0      0      0
2018 10   21,1    9,3   14,9   58,4    4,2    28,8   04     1,2   29      0      0      0      0
2018 11   14,6    5,7    9,7  138,8    0,0    19,5   02    -1,4   29      0      0      2      0
2018 12   11,9    1,0    5,5  214,5    0,0    17,7   05    -3,8   31      0      0     14      0
------------------------------------------------------------------------------------------------
          22,6   10,1   16,1  795,9  463,5    40,7  ago    -5,9  feb     91      0     23      0


                  PRECIPITATION (mm)

                  MAX         ---DAYS OF RAIN---
                  OBS.               OVER
 YR  MO  TOTAL    DAY  DATE   0.30   3.00  30.00
------------------------------------------------
2018 01
2018 02   26,8   16,2    28      2      2      0
2018 03  121,4   20,6    10     18     11      0
2018 04   43,6   13,4    10     11      5      0
2018 05   46,4   14,4    25     13      5      0
2018 06   27,4   11,0    02      6      4      0
2018 07    0,0    0,0    01      0      0      0
2018 08    4,0    4,0    22      1      1      0
2018 09   15,4    5,0    15      3      3      0
2018 10   34,6    7,8    27     11      5      0
2018 11   39,8    8,4    05     16      3      0
2018 12   12,6    8,2    13      2      1      0
------------------------------------------------
         372,0   20,6   mar     83     40      0


           WIND SPEED (m/s)

                                DOM
 YR  MO    AVG     HI   DATE    DIR
-----------------------------------
2018 01
2018 02    0,3   11,2     21     57 
2018 03    1,1   17,4     01    250 
2018 04    0,7   13,0     11    212 
2018 05    0,4   11,6     05     64 
2018 06    0,3   13,9     02     75 
2018 07    0,4    9,4     15    204 
2018 08    0,5   11,2     16     70 
2018 09    0,4   10,7     17     71 
2018 10    0,4    9,8     02     69 
2018 11    0,1   11,2     26    227 
2018 12    0,0   11,6     13    260 
-----------------------------------
           0,4   17,4    mar    208

