                   MONTHLY CLIMATOLOGICAL SUMMARY for mar 2023


NAME: El Campillo (Rivas-Vaciamadrid)                  
ELEV: 539 metros    LAT: 39-11.40 N    LONG: 003-18.00 W


                   TEMPERATURE (C), RAIN (mm), WIND SPEED (m/s)

                                         HEAT   COOL         AVG
      MEAN                               DEG    DEG          WIND                   DOM
DAY   TEMP   HIGH   TIME    LOW   TIME   DAYS   DAYS   RAIN  SPEED   HIGH   TIME    DIR
---------------------------------------------------------------------------------------
 01    1,4    7,1  17:29   -4,5  07:53    9,2    0,0    0,0    0,0    0,0  00:00     90
 02    2,6   11,0  17:13   -6,1  07:39    8,6    0,0    0,0    0,0    0,0  00:00     90
 03    4,7   12,6  16:47   -4,3  07:53    7,4    0,0    0,0    0,0    0,0  00:00     90
 04    5,9   13,8  17:14   -0,8  07:49    6,7    0,0    0,0    0,0    0,0  00:00     90
 05    3,9   11,7  15:00   -3,1  06:39    7,9    0,0    2,0    0,0    0,4  13:23     90
 06    8,4   14,8  15:15    4,1  05:03    5,3    0,0    0,0    0,0    5,4  15:56     90
 07   11,1   16,1  16:24    7,8  02:40    3,8    0,0    0,4    0,0    9,4  15:01    232
 08   13,2   18,2  13:25    8,9  01:45    2,7    0,0    0,8    0,0    8,5  12:55    248
 09   13,9   18,3  15:43   10,6  07:01    2,3    0,0   12,8    0,2   12,5  16:20    264
 10   13,4   19,8  16:52    7,7  07:41    2,6    0,0    0,0    0,0    4,9  16:22     90
 11   13,8   21,8  16:43    8,9  06:28    2,3    0,0    0,0    0,0    7,2  15:05    292
 12   14,8   22,5  17:17    7,8  06:35    1,8    0,0    0,0    0,0    0,0  00:00     90
 13   13,7   21,1  15:02    7,2  07:43    2,4    0,0    0,0    0,2   14,8  17:00    256
 14   12,1   18,7  16:39    6,5  07:37    3,3    0,0    0,0    0,0    3,6  14:40     90
 15   11,4   21,9  17:38    2,4  07:34    3,7    0,0    0,0    0,0    0,0  00:00     90
 16   13,7   24,8  14:52    4,0  06:34    2,4    0,0    0,0    0,0    0,4  13:53     90
 17   12,8   17,4  16:18    9,8  00:27    2,9    0,0    0,0    0,1    8,5  14:24    230
 18   11,1   17,6  16:13    5,4  06:53    3,8    0,0    0,0    0,0    2,7  15:28     90
 19   11,1   19,0  17:04    3,3  07:08    3,9    0,0    0,0    0,0    0,4  12:48     90
 20   11,7   21,2  17:04    2,3  07:24    3,5    0,0    0,0    0,0    0,4  15:16     90
 21   12,6   22,2  16:40    3,3  06:32    3,0    0,0    0,0    0,0    0,4  14:21     90
 22   13,6   22,8  17:27    3,4  06:47    2,5    0,0    0,0    0,0    5,4  16:17    225
 23   14,7   23,1  15:37    5,5  07:04    1,8    0,0    0,0    0,0    6,3  13:53    248
 24   13,3   20,2  17:24    8,4  04:02    2,6    0,0    0,0    0,0    6,3  14:57    202
 25   14,4   21,8  17:08    7,8  05:04    2,0    0,0    0,0    0,0    5,8  17:12     90
 26   15,1   21,3  15:56    8,0  07:49    1,6    0,0    0,0    0,3    8,9  18:40    276
 27   12,2   20,2  17:25    2,7  08:14    3,2    0,0    0,0    0,0    0,0  00:00     90
 28   13,7   25,1  18:05    3,7  07:41    2,4    0,0    0,0    0,0    0,0  00:00     90
 29   15,9   27,2  17:09    5,1  08:06    1,2    0,0    0,0    0,0    3,1  16:30     90
 30   17,0   23,0  17:04   11,2  07:30    0,5    0,0    0,0    0,0    8,5  17:46    236
 31   16,7   21,8  17:50   11,1  06:20    0,7    0,0    0,0    0,0    8,0  16:35    221
---------------------------------------------------------------------------------------
      11,7   27,2     29   -6,1     02  107,8    0,0   16,0    0,0   14,8     13    261
    
