                   MONTHLY CLIMATOLOGICAL SUMMARY for ago 2018


NAME: El Campillo (Rivas-Vaciamadrid)                  
ELEV: 539 metros    LAT: 39-11.40 N    LONG: 003-18.00 W


                   TEMPERATURE (C), RAIN (mm), WIND SPEED (m/s)

                                         HEAT   COOL         AVG
      MEAN                               DEG    DEG          WIND                   DOM
DAY   TEMP   HIGH   TIME    LOW   TIME   DAYS   DAYS   RAIN  SPEED   HIGH   TIME    DIR
---------------------------------------------------------------------------------------
 01   28,6   38,4  18:05   19,0  06:37    0,0    5,9    0,0    0,2    4,0  16:04    203
 02   30,8   39,8  18:34   22,6  07:33    0,0    7,1    0,0    0,4    4,9  12:25     54
 03   32,1   40,7  17:43   21,8  07:35    0,0    7,9    0,0    0,4    8,0  14:54     23
 04   30,9   38,6  17:34   19,8  06:56    0,0    7,2    0,0    0,7    6,3  17:19     58
 05   30,9   39,0  18:46   22,8  07:28    0,0    7,1    0,0    0,3    4,5  13:55     64
 06   30,4   39,2  15:42   19,7  07:16    0,0    6,9    0,0    0,4   10,3  19:53    259
 07   30,4   37,6  16:17   22,1  07:12    0,0    6,9    0,0    0,6    8,5  19:19    218
 08   27,2   35,6  17:21   17,1  07:34    0,0    5,1    0,0    0,5   10,7  16:47    227
 09   25,4   31,8  17:51   17,0  07:28    0,0    4,1    0,0    0,4    7,2  23:20    208
 10   24,9   33,8  17:47   16,7  07:06    0,0    3,8    0,0    0,7    8,0  00:52     70
 11   27,6   35,2  20:15   21,6  07:37    0,0    5,3    0,0    0,8    8,0  12:02     64
 12   28,8   35,8  19:00   22,7  06:44    0,0    6,0    0,0    0,7    8,0  16:58    212
 13   27,1   34,1  18:14   19,7  06:55    0,0    5,1    0,0    0,5    5,8  13:21    234
 14   25,8   33,7  17:55   17,9  07:27    0,0    4,3    0,0    0,3    4,9  13:10     20
 15   26,7   35,1  16:29   18,3  07:39    0,0    4,8    0,0    0,3    4,5  23:42     65
 16   26,0   32,4  17:53   21,3  23:59    0,0    4,4    0,0    1,0   11,2  18:33     78
 17   25,6   32,4  16:18   18,7  07:10    0,0    4,2    0,0    1,0    7,2  22:10     59
 18   24,1   32,1  18:22   16,7  07:33    0,0    3,4    0,0    0,7    5,8  02:04     53
 19   25,5   33,1  18:56   18,2  07:20    0,0    4,2    0,0    0,6    8,9  00:41     60
 20   26,7   34,0  20:16   19,3  07:37    0,0    4,8    0,0    0,5    5,8  00:00     50
 21   26,6   35,1  19:06   17,1  07:20    0,0    4,8    0,0    0,3    4,9  13:14    210
 22   26,2   35,2  17:02   19,4  07:25    0,0    4,6    4,0    0,4    7,6  20:14     47
 23   24,9   34,2  15:49   16,6  05:27    0,0    3,9    0,0    0,2    5,4  21:43    111
 24   26,3   34,3  17:30   18,0  06:26    0,0    4,6    0,0    0,4    6,7  16:13    275
 25   25,4   33,9  17:16   16,6  07:33    0,0    4,1    0,0    0,5    8,5  17:04     63
 26   24,5   34,0  18:45   16,2  07:44    0,0    3,6    0,0    0,3    5,4  00:11     62
 27   26,0   36,3  16:43   14,1  07:39    0,0    4,4    0,0    0,3    5,8  16:56    193
 28   28,1   34,9  17:05   21,1  05:25    0,0    5,6    0,0    0,7    7,2  15:18    216
 29   25,5   33,4  16:17   18,1  07:50    0,0    4,1    0,0    0,2    5,4  15:55    207
 30   26,0   34,0  17:51   18,9  07:58    0,0    4,4    0,0    0,4    6,3  01:22     63
 31   27,3   34,6  16:59   20,2  07:51    0,0    5,2    0,0    0,5    6,3  23:48     54
---------------------------------------------------------------------------------------
      27,2   40,7     03   14,1     27    0,0  158,0    4,0    0,5   11,2     16     70
    

