                   MONTHLY CLIMATOLOGICAL SUMMARY for dic 2021


NAME: El Campillo (Rivas-Vaciamadrid)                  
ELEV: 539 metros    LAT: 39-11.40 N    LONG: 003-18.00 W


                   TEMPERATURE (C), RAIN (mm), WIND SPEED (m/s)

                                         HEAT   COOL         AVG
      MEAN                               DEG    DEG          WIND                   DOM
DAY   TEMP   HIGH   TIME    LOW   TIME   DAYS   DAYS   RAIN  SPEED   HIGH   TIME    DIR
---------------------------------------------------------------------------------------
 01    3,9   11,1  14:38   -1,7  05:22    7,8    0,0    2,8    0,0    4,9  14:08    225
 02    6,1   10,2  14:06    1,4  23:58    6,6    0,0    0,0    0,4   10,3  12:50    281
 03    5,3   13,4  16:06   -0,7  02:31    7,0    0,0    0,0    0,0    1,8  14:50     90
 04    5,6   12,7  14:59   -0,3  05:44    6,9    0,0    0,0    0,0    4,9  15:34    227
 05    8,2   12,1  14:51    4,4  08:31    5,4    0,0    0,2    0,5   10,7  13:20    270
 06    8,2   15,0  15:47    3,7  08:21    5,4    0,0    0,0    0,1    5,4  13:04    269
 07    6,7   11,2  21:49    1,1  07:56    6,3    0,0    0,2    0,2    7,2  18:07    234
 08    7,5   10,7  01:32    4,7  20:23    5,8    0,0    0,2    0,5   11,6  12:40    271
 09    8,6   12,9  15:51    3,8  06:02    5,2    0,0    0,0    0,6    9,4  23:00    261
 10   10,9   16,1  15:17    6,6  06:27    3,9    0,0    0,0    0,5    9,4  19:00    265
 11   10,3   17,7  16:45    4,0  07:32    4,3    0,0    0,0    0,0    6,3  00:21    286
 12    6,6   14,2  17:04    0,9  07:45    6,3    0,0    0,0    0,0    0,4  08:45     90
 13    5,1   15,2  16:24   -0,9  06:34    7,2    0,0    0,2    0,0    2,7  13:56    292
 14    6,0   17,9  16:50   -0,8  07:54    6,7    0,0    0,4    0,0    3,1  14:55     90
 15    6,0   17,6  15:23   -0,8  08:06    6,7    0,0    0,0    0,0    1,3  15:33     90
 16    4,4   13,2  16:18   -2,2  08:40    7,6    0,0    0,2    0,0    3,1  12:28     29
 17    4,5   12,1  16:28   -2,0  08:42    7,5    0,0    0,0    0,0    4,5  14:58     56
 18    5,8   11,3  14:02   -0,8  04:21    6,8    0,0    0,0    0,1    4,9  15:00     79
 19    8,5   12,6  15:24    3,1  23:58    5,3    0,0    0,0    0,1    4,0  11:25     58
 20    5,0   11,3  15:15   -0,6  05:43    7,2    0,0    0,0    0,0    0,4  13:13     90
 21    8,6   13,8  14:59    5,8  23:48    5,2    0,0    0,2    0,0    0,0  00:00     90
 22    9,2   15,7  16:44    5,4  23:57    4,9    0,0    0,2    0,0    3,1  14:19     90
 23    8,0   13,6  15:41    2,2  05:38    5,6    0,0    2,0    0,0    1,8  11:47     90
 24   10,2   12,9  16:34    7,8  23:29    4,3    0,0    1,0    0,0    0,4  16:25     90
 25    9,2   11,3  14:51    7,2  04:08    4,9    0,0    5,2    0,0    3,6  01:02     90
 26    9,4   11,0  23:57    8,1  06:10    4,8    0,0    8,2    0,0    2,7  14:36     90
 27   12,3   15,0  15:49    8,2  23:42    3,2    0,0    0,6    0,4    9,4  15:30    263
 28   10,7   15,4  15:13    7,6  08:35    4,1    0,0    0,0    0,1    5,4  13:02    236
 29    7,8   12,6  16:55    3,9  23:49    5,6    0,0    0,2    0,0    0,0  00:00     90
 30    6,5   15,4  16:24    1,3  09:31    6,4    0,0    0,2    0,0    0,0  00:00     90
 31    7,1   16,5  16:44    1,1  08:10    6,1    0,0    0,4    0,0    0,0  00:00     90
---------------------------------------------------------------------------------------
       7,5   17,9     14   -2,2     16  181,1    0,0   22,4    0,1   11,6     08    266
    
