                   MONTHLY CLIMATOLOGICAL SUMMARY for ago 2019


NAME: El Campillo (Rivas-Vaciamadrid)                  
ELEV: 539 metros    LAT: 39-11.40 N    LONG: 003-18.00 W


                   TEMPERATURE (C), RAIN (mm), WIND SPEED (m/s)

                                         HEAT   COOL         AVG
      MEAN                               DEG    DEG          WIND                   DOM
DAY   TEMP   HIGH   TIME    LOW   TIME   DAYS   DAYS   RAIN  SPEED   HIGH   TIME    DIR
---------------------------------------------------------------------------------------
 01   27,7   35,0  18:26   21,1  07:29    0,0    5,4    0,0    0,2    6,7  16:17    224
 02   28,0   37,2  20:50   19,4  07:39    0,0    5,5    0,0    0,1    5,8  17:02    224
 03   28,4   37,5  18:42   19,6  05:40    0,0    5,8    0,0    0,1    5,8  17:38    214
 04   28,2   37,0  17:15   19,1  06:49    0,0    5,7    0,0    0,2    6,7  14:34    217
 05   28,5   37,2  18:57   18,4  07:20    0,0    5,8    0,0    0,1    8,0  16:10    219
 06   28,4   36,8  16:50   18,0  07:08    0,0    5,8    0,0    0,3    8,0  17:53    221
 07   25,4   28,8  17:55   21,6  23:58    0,0    4,1    0,0    0,1    8,0  13:18    231
 08   26,4   35,4  18:58   17,3  07:13    0,0    4,7    0,0    0,3    8,0  14:47    225
 09   26,5   32,5  17:10   20,6  07:36    0,0    4,7    0,0    0,6    9,8  16:00    232
 10   25,1   33,4  19:45   16,7  07:40    0,0    4,0    0,0    0,1    6,3  16:06    208
 11   24,3   30,2  16:43   17,4  06:21    0,0    3,5    0,0    0,4    8,9  16:10    228
 12   22,0   28,6  17:57   13,9  07:18    0,0    2,2    0,0    0,3    7,2  11:30     38
 13   23,1   31,1  17:51   15,6  07:53    0,0    2,8    0,0    0,4    7,6  00:35     68
 14   25,2   34,5  18:22   14,8  07:15    0,0    4,0    0,0    0,1    4,5  00:15     68
 15   26,9   36,9  18:36   15,4  07:31    0,0    5,0    0,0    0,0    4,0  15:34    247
 16   28,8   37,2  18:06   20,2  07:29    0,0    6,0    0,0    0,3    7,2  01:15     80
 17   28,9   37,8  16:38   17,7  07:41    0,0    6,0    0,0    0,3    8,5  15:10    228
 18   27,5   36,2  16:50   17,1  07:42    0,0    5,3    0,0    0,5    8,0  14:36    226
 19   26,9   34,4  17:20   18,1  06:58    0,0    4,9    0,0    0,2    6,7  15:41    219
 20   25,6   31,4  18:35   20,9  07:09    0,0    4,2    0,0    0,7   10,3  00:45     67
 21   24,1   31,6  17:13   18,3  23:20    0,0    3,4    2,0    0,2    9,4  19:53     81
 22   23,4   33,4  18:37   15,9  07:38    0,0    3,0    0,0    0,0    5,8  17:40     71
 23   25,5   34,2  20:10   18,3  07:37    0,0    4,2    0,0    0,0    4,0  15:10    218
 24   26,6   36,2  19:40   18,5  07:56    0,0    4,8    0,0    0,0    2,2  17:49     90
 25   26,7   33,4  15:29   20,9  07:16    0,0    4,9    0,0    0,7    8,5  23:46     77
 26   22,2   28,8  14:08   13,4  18:07    0,0    2,4   58,0    1,1   12,5  18:00     71
 27   20,9   28,1  18:30   15,3  02:40    0,0    1,6    0,2    0,0    6,7  00:00     68
 28   23,3   31,3  16:18   15,4  07:44    0,0    2,9    0,0    0,0    0,4  14:13     90
 29   25,2   34,1  18:53   17,9  04:06    0,0    4,0    0,0    0,0    0,4  04:21     90
 30   26,1   35,5  17:03   20,0  08:08    0,0    4,5    1,6    0,5   14,8  18:34     68
 31   24,6   34,2  18:34   16,2  06:59    0,0    3,7    0,0    0,0    4,9  00:00     68
---------------------------------------------------------------------------------------
      25,8   37,8     17   13,4     26    0,0  134,7   61,8    0,3   14,8     30    136
    
