                   MONTHLY CLIMATOLOGICAL SUMMARY for ene 2019


NAME: El Campillo (Rivas-Vaciamadrid)                  
ELEV: 539 metros    LAT: 39-11.40 N    LONG: 003-18.00 W


                   TEMPERATURE (C), RAIN (mm), WIND SPEED (m/s)

                                         HEAT   COOL         AVG
      MEAN                               DEG    DEG          WIND                   DOM
DAY   TEMP   HIGH   TIME    LOW   TIME   DAYS   DAYS   RAIN  SPEED   HIGH   TIME    DIR
---------------------------------------------------------------------------------------
 01    2,4   13,8  16:37   -4,3  08:39    8,6    0,0    0,0    0,0    0,4  15:40     90
 02    1,8   13,0  16:50   -5,1  08:13    9,0    0,0    0,2    0,0    0,0  00:00     90
 03    3,2   14,1  16:52   -3,4  08:15    8,2    0,0    0,0    0,0    1,3  01:38     90
 04    2,3   12,4  16:58   -3,9  08:04    8,7    0,0    0,0    0,0    0,9  13:59     90
 05    1,3   12,8  16:56   -5,7  08:15    9,3    0,0    0,0    0,0    0,0  00:00     90
 06    1,9   15,7  16:46   -6,5  08:45    9,0    0,0    0,2    0,0    1,3  16:20     90
 07    4,2   16,9  17:06   -5,3  07:57    7,7    0,0    0,0    0,0    3,6  19:21     45
 08    3,7   15,1  16:53   -4,3  08:40    7,9    0,0    0,0    0,0    1,8  12:26     90
 09    4,6   15,1  16:08   -3,4  07:07    7,4    0,0    0,0    0,1    5,4  20:50     66
 10    2,8    9,4  15:19   -3,8  08:45    8,4    0,0    0,0    0,6    7,6  12:12     67
 11    1,4    9,1  17:01   -5,8  08:30    9,2    0,0    0,0    0,1    6,7  12:14     51
 12    1,6   11,8  16:47   -5,3  07:06    9,1    0,0    0,0    0,0    2,7  14:55     90
 13    1,2   11,4  17:21   -5,3  07:38    9,3    0,0    0,0    0,0    0,4  14:33     90
 14    3,0   14,9  16:40   -3,7  08:26    8,3    0,0    0,0    0,0    0,4  22:11     90
 15    4,0   14,6  16:40   -3,0  08:37    7,8    0,0    0,0    0,0    2,7  03:44     90
 16    2,6   11,4  15:44   -4,0  08:09    8,6    0,0    0,0    0,0    4,0  15:36    243
 17    3,6    8,8  16:36   -0,1  23:58    8,0    0,0    0,0    0,0    1,8  16:08     90
 18    1,1    7,8  15:55   -3,9  08:32    9,4    0,0    0,0    0,0    1,3  16:18     90
 19    0,7    5,3  14:20   -5,5  08:30    9,6    0,0    4,8    0,0    0,4  14:30     90
 20    6,1   10,6  15:39    2,6  08:29    6,6    0,0    1,8    0,4    9,8  14:50    287
 21    4,9   10,5  13:36   -1,2  06:45    7,3    0,0    0,0    0,3    8,5  15:15    294
 22    2,7    9,1  13:59   -2,1  05:41    8,5    0,0    0,0    0,2    7,6  13:52    269
 23   10,3   15,2  14:55    4,1  01:12    4,3    0,0    0,0    1,9   15,6  13:30    268
 24   10,6   16,6  14:55    4,5  08:06    4,1    0,0    0,0    0,4    8,9  14:49    339
 25   10,1   16,3  15:25    4,1  06:08    4,4    0,0    0,0    0,2    7,6  11:20    326
 26    5,2   14,3  16:23   -2,2  08:27    7,1    0,0    0,0    0,0    3,6  15:26    225
 27    5,8   13,1  15:00   -1,7  07:48    6,8    0,0    0,0    0,2    8,5  17:00    285
 28    7,5   14,4  16:49   -0,1  06:30    5,8    0,0    0,0    0,7   10,7  14:20    266
 29    6,9   10,8  14:22    0,6  06:27    6,2    0,0    0,0    0,4    9,8  22:00    248
 30    7,2   11,3  14:52    2,9  08:27    6,0    0,0    2,6    0,6    8,5  02:27    260
 31   10,4   13,9  14:45    6,1  00:00    4,2    0,0    0,8    1,4   16,1  14:20    246
---------------------------------------------------------------------------------------
       4,4   16,9     07   -6,5     06  235,0    0,0   10,4    0,2   16,1     31    267
    

