                   MONTHLY CLIMATOLOGICAL SUMMARY for sep 2019


NAME: El Campillo (Rivas-Vaciamadrid)                  
ELEV: 539 metros    LAT: 39-11.40 N    LONG: 003-18.00 W


                   TEMPERATURE (C), RAIN (mm), WIND SPEED (m/s)

                                         HEAT   COOL         AVG
      MEAN                               DEG    DEG          WIND                   DOM
DAY   TEMP   HIGH   TIME    LOW   TIME   DAYS   DAYS   RAIN  SPEED   HIGH   TIME    DIR
---------------------------------------------------------------------------------------
 01   25,5   34,2  17:07   18,1  07:58    0,0    4,2    0,0    0,2    6,7  17:50     52
 02   25,0   32,9  19:08   18,1  07:53    0,0    3,9    0,0    0,7    8,9  01:18     67
 03   25,6   33,9  17:08   17,1  07:54    0,0    4,2    0,0    0,0    3,1  04:50    195
 04   26,0   33,8  17:51   18,6  07:49    0,0    4,4    0,0    0,1    6,3  23:59     71
 05   22,3   27,6  17:17   17,6  07:43    0,0    2,4    0,0    1,8    9,8  06:08     68
 06   19,5   27,6  17:59   11,5  07:53    0,0    0,8    0,0    0,6    7,6  03:42     67
 07   20,9   29,4  17:22   14,0  06:31    0,0    1,6    0,0    0,1    5,4  00:00     75
 08   22,4   30,4  18:12   15,6  07:42    0,0    2,5    0,0    0,1    4,5  02:00     69
 09   22,9   30,1  16:19   13,9  07:55    0,0    2,7    0,0    0,4    9,4  16:44    239
 10   18,1   21,8  01:28   14,7  23:55    0,0    0,0    0,0    0,5    9,8  13:25    281
 11   19,4   25,9  16:51   12,5  05:54    0,0    0,8    0,0    1,7   12,5  11:06     68
 12   21,0   27,1  15:03   15,2  04:52    0,0    1,6    0,0    1,2    8,5  10:22     70
 13   18,0   21,4  00:14   15,5  14:51    0,0    0,0    7,0    0,1    5,8  13:40     66
 14   17,1   20,7  11:58   15,4  22:17    0,5    0,0    8,6    0,1    6,3  17:21     62
 15   18,0   20,9  13:08   15,8  07:59    0,0    0,0   30,8    0,0    4,5  15:41     63
 16   20,3   27,3  17:40   15,9  05:45    0,0    1,3   12,8    0,0    2,7  04:58     68
 17   21,2   29,6  17:01   15,5  07:52    0,0    1,8    0,0    0,0    2,2  20:06     90
 18   20,5   28,4  18:31   14,7  08:04    0,0    1,4    0,0    0,0    0,0  00:00     90
 19   22,2   30,6  18:03   15,3  07:15    0,0    2,3    0,0    0,0    0,4  16:05     90
 20   21,3   25,2  16:39   16,6  23:37    0,0    1,9    3,0    0,2    9,8  21:06     78
 21   18,8   22,3  12:20   15,1  08:11    0,0    0,5    0,0    0,0    0,9  11:30     90
 22   18,8   23,7  17:06   14,9  23:59    0,0    0,5    1,4    0,0    6,7  16:12    225
 23   17,2   24,8  18:02   10,7  08:10    0,4    0,0    0,0    0,0    1,3  14:32     90
 24   19,2   27,3  16:44   10,5  08:08    0,0    0,7    0,0    0,2    6,7  18:57    227
 25   19,7   25,7  17:49   13,1  08:21    0,0    0,9    0,0    0,0    1,8  03:06     90
 26   19,9   29,7  18:37   12,1  08:09    0,0    1,1    0,0    0,0    0,9  14:41     90
 27   20,1   29,9  18:37   11,7  07:57    0,0    1,2    0,0    0,0    3,1  16:27    225
 28   19,3   30,1  18:38   10,4  08:18    0,0    0,7    0,0    0,0    0,9  16:42     90
 29   19,2   30,9  18:18    9,7  08:08    0,0    0,7    0,0    0,0    3,1  15:58    227
 30   19,3   30,6  18:14    8,8  08:19    0,0    0,7    0,0    0,0    3,6  17:12    223
---------------------------------------------------------------------------------------
      20,6   34,2     01    8,8     30    1,0   44,6   63,6    0,3   12,5     11     68
    
