                   MONTHLY CLIMATOLOGICAL SUMMARY for feb 2023


NAME: El Campillo (Rivas-Vaciamadrid)                  
ELEV: 539 metros    LAT: 39-11.40 N    LONG: 003-18.00 W


                   TEMPERATURE (C), RAIN (mm), WIND SPEED (m/s)

                                         HEAT   COOL         AVG
      MEAN                               DEG    DEG          WIND                   DOM
DAY   TEMP   HIGH   TIME    LOW   TIME   DAYS   DAYS   RAIN  SPEED   HIGH   TIME    DIR
---------------------------------------------------------------------------------------
 01    2,9   13,4  16:55   -4,3  08:01    8,4    0,0    0,0    0,0    0,0  00:00     90
 02    4,2   14,4  17:16   -3,2  08:29    7,7    0,0    0,0    0,0    0,0  00:00     90
 03    4,7   15,8  16:40   -3,4  07:17    7,4    0,0    0,0    0,0    0,0  00:00     90
 04    5,1   18,6  17:33   -3,9  07:16    7,2    0,0    0,0    0,0    0,0  00:00     90
 05    6,7   18,8  17:45   -1,9  05:43    6,3    0,0    0,0    0,0    0,0  00:00     90
 06    5,0   11,6  16:43   -2,6  08:28    7,2    0,0    0,0    0,6   13,0  11:48     68
 07    3,9    9,9  16:23   -2,4  07:29    7,8    0,0    1,6    0,0    0,4  00:00     90
 08    6,2   10,9  17:12    1,9  08:18    6,5    0,0    0,0    0,0    0,0  00:00     90
 09    6,2   11,4  14:50    2,2  06:13    6,6    0,0    0,0    0,0    0,0  00:00     90
 10    4,9    9,8  16:22   -0,6  07:41    7,3    0,0    0,0    0,0    0,4  19:41     90
 11    4,8   11,1  16:04   -1,1  08:22    7,3    0,0    0,0    0,0    8,0  16:15     76
 12    5,8   12,1  16:23    0,4  07:40    6,8    0,0    0,0    0,0    0,4  00:00     90
 13    5,5   10,9  16:46   -1,2  08:44    7,0    0,0    0,0    0,0    0,4  11:26     90
 14    6,6   11,3  14:40    2,6  04:56    6,4    0,0    0,0    0,0    0,4  06:41     90
 15    7,3   14,1  16:02    1,1  08:37    5,9    0,0    0,0    0,0    0,0  00:00     90
 16    6,9   16,9  17:09   -0,6  07:36    6,2    0,0    0,0    0,0    0,0  00:00     90
 17    7,4   16,2  16:22   -1,8  08:04    5,9    0,0    0,0    0,0    0,4  13:33     90
 18    8,9   16,3  17:06    2,9  03:13    5,1    0,0    0,0    0,0    0,0  00:00     90
 19   12,2   19,5  16:43    3,3  07:11    3,2    0,0    0,0    0,0    0,4  16:47     90
 20   13,6   20,4  15:34    4,2  08:25    2,4    0,0    0,0    0,0    6,3  16:36     90
 21   12,0   19,5  16:13    5,0  07:19    3,3    0,0    0,0    0,0    0,4  00:56     90
 22    9,2   17,3  15:11    1,8  08:05    4,9    0,0    0,0    0,0    0,0  00:00     90
 23    6,0    9,4  15:42    1,4  23:41    6,6    0,0    1,2    0,0    4,0  15:29     90
 24    3,2   11,0  17:18   -3,9  08:01    8,2    0,0    0,0    0,0    0,0  00:00     90
 25    2,7   10,6  15:22   -3,8  06:51    8,5    0,0    1,2    0,0    0,4  16:20     90
 26    3,8   12,6  15:32   -3,3  06:43    7,9    0,0    0,0    0,0    0,4  14:42     90
 27    3,1    7,3  15:31   -0,1  07:23    8,3    0,0    0,0    0,0    8,5  15:50    270
 28    2,0   10,3  15:53   -5,2  08:00    8,9    0,0    0,0    0,0    0,9  16:32     90
---------------------------------------------------------------------------------------
       6,1   20,4     20   -5,2     28  185,2    0,0    4,0    0,0   13,0     06     68
    
