                     CLIMATOLOGICAL SUMMARY for year 2021


NAME: El Campillo (Rivas-Vaciamadrid)                  
ELEV: 539 metros    LAT: 39-11.40 N    LONG: 003-18.00 W


                                       TEMPERATURE (C)

                              HEAT    COOL                              MAX    MAX    MIN    MIN
          MEAN   MEAN         DEG     DEG                                >=     <=     <=     <=
 YR  MO   MAX    MIN    MEAN  DAYS    DAYS      HI  DAY     LOW  DAY     30      0      0    -20
------------------------------------------------------------------------------------------------
2021 01    7,7   -1,8    2,3  269,2    0,0    18,4   27   -14,1   12      0      1     19      0
2021 02   15,3    5,0    9,6  129,9    0,0    20,3   27     0,7   14      0      0      0      0
2021 03   17,2    3,8   10,4  130,0    0,0    23,3   31    -3,2   21      0      0      6      0
2021 04   19,0    7,6   12,8   86,3    0,0    24,4   01     1,5   18      0      0      0      0
2021 05   25,3   10,3   17,9   28,2   25,8    33,2   30     4,2   01      4      0      0      0
2021 06   29,8   15,2   22,6    1,3   78,3    35,4   10    11,3   02     16      0      0      0
2021 07   34,1   17,1   26,0    0,0  137,1    40,8   11    11,1   07     26      0      0      0
2021 08   35,1   18,3   26,8    0,0  150,9    42,9   14    12,9   01     30      0      0      0
2021 09   26,8   14,3   20,1    2,8   37,2    33,0   05     9,6   29      5      0      0      0
2021 10   22,7    8,8   15,2   48,3    0,0    27,2   08     1,8   24      0      0      0      0
2021 11   14,0    2,7    7,9  168,8    0,0    19,0   08    -1,7   28      0      0      3      0
2021 12   13,6    2,6    7,5  181,1    0,0    17,9   14    -2,2   16      0      0     10      0
------------------------------------------------------------------------------------------------
          21,8    8,7   15,0 1045,7  429,3    42,9  ago   -14,1  ene     81      1     38      0


                  PRECIPITATION (mm)

                  MAX         ---DAYS OF RAIN---
                  OBS.               OVER
 YR  MO  TOTAL    DAY  DATE   0.30   3.00  30.00
------------------------------------------------
2021 01   23,2    6,4    10     10      3      0
2021 02   35,8    7,8    09     10      6      0
2021 03    0,2    0,2    08      0      0      0
2021 04   60,2   12,0    11     11      7      0
2021 05   23,4   14,0    03      6      2      0
2021 06   36,6   25,0    17      6      2      0
2021 07    2,0    1,6    26      2      0      0
2021 08    7,4    7,2    31      1      1      0
2021 09   96,8   63,0    01      8      4      1
2021 10   67,0   23,4    30      5      4      0
2021 11   30,8   16,6    01      6      4      0
2021 12   22,4    8,2    26      8      2      0
------------------------------------------------
         405,8   63,0   sep     73     35      1


           WIND SPEED (m/s)

                                DOM
 YR  MO    AVG     HI   DATE    DIR
-----------------------------------
2021 01    0,2   17,4     22    253 
2021 02    0,2   11,6     09    231 
2021 03    0,5   12,5     29     70 
2021 04    0,1   11,2     03     78 
2021 05    0,1   12,1     09    167 
2021 06    0,2   10,7     17    101 
2021 07    0,1   10,7     31    234 
2021 08    0,1   11,6     23    191 
2021 09    0,2   13,4     01     82 
2021 10    0,0    9,4     31     71 
2021 11    0,1   10,3     27    316 
2021 12    0,1   11,6     08    266 
-----------------------------------
           0,2   17,4    ene     93
