                   MONTHLY CLIMATOLOGICAL SUMMARY for sep 2020


NAME: El Campillo (Rivas-Vaciamadrid)                  
ELEV: 539 metros    LAT: 39-11.40 N    LONG: 003-18.00 W


                   TEMPERATURE (C), RAIN (mm), WIND SPEED (m/s)

                                         HEAT   COOL         AVG
      MEAN                               DEG    DEG          WIND                   DOM
DAY   TEMP   HIGH   TIME    LOW   TIME   DAYS   DAYS   RAIN  SPEED   HIGH   TIME    DIR
---------------------------------------------------------------------------------------
 01   19,2   28,7  16:42   11,7  03:15    0,0    0,6    0,0    0,0    0,4  17:19     90
 02   21,8   29,8  16:51   14,8  07:39    0,0    2,1    0,0    0,0    0,9  14:40     90
 03   23,0   32,8  17:19   12,8  07:29    0,0    2,8    0,0    0,0    0,4  10:46     90
 04   24,6   33,1  18:14   17,4  07:54    0,0    3,7    0,0    0,0    4,9  02:40     90
 05   24,9   34,4  17:57   16,4  07:54    0,0    3,8    0,0    0,0    0,4  13:03     90
 06   26,4   34,1  15:38   16,6  07:42    0,0    4,7    0,0    0,0    0,9  00:44     90
 07   21,0   27,1  17:26   14,4  07:57    0,0    1,7    0,0    0,2    7,2  17:07     68
 08   19,4   26,8  17:56   12,1  07:55    0,0    0,8    0,0    0,1    6,3  01:35     68
 09   21,3   29,8  16:22   12,1  07:51    0,0    1,8    0,0    0,0    0,4  11:49     90
 10   23,3   31,3  18:24   16,7  01:09    0,0    2,9    0,0    0,0    0,4  10:12     90
 11   24,3   32,4  18:23   16,6  08:02    0,0    3,5    0,0    0,0    0,9  15:07     90
 12   24,6   33,8  17:23   13,9  07:57    0,0    3,7    0,0    0,0    0,4  01:21     90
 13   25,8   32,8  16:31   18,8  07:59    0,0    4,3    0,0    0,0    3,1  14:09     90
 14   25,4   31,0  15:51   20,2  08:04    0,0    4,1    0,0    0,0    4,9  06:44     68
 15   24,4   30,2  15:07   19,6  07:47    0,0    3,6    0,0    0,0    0,4  14:27     90
 16   23,9   32,2  17:40   16,3  06:31    0,0    3,3    0,0    0,0    1,8  22:29     90
 17   22,6   27,6  16:45   17,7  23:36    0,0    2,5    7,0    0,0    3,1  15:32     90
 18   18,2   21,4  16:12   14,4  18:28    0,0    0,1    8,6    0,0    6,3  13:41    225
 19   17,4   21,4  16:43   14,2  05:59    0,3    0,0    2,2    0,0    6,3  16:08    219
 20   18,5   22,9  16:38   14,7  07:54    0,0    0,3    0,0    0,0    7,6  15:56    225
 21   18,2   24,9  17:48   12,5  08:16    0,0    0,1    0,0    0,0    0,4  14:11     90
 22   18,1   25,3  18:05   10,3  08:06    0,0    0,0    0,0    0,0    1,3  17:09     90
 23   19,4   24,9  17:40   15,5  02:55    0,0    0,8    0,0    0,0    8,5  14:25    223
 24   19,2   23,8  17:32   16,4  08:29    0,0    0,6    0,4    0,0    9,4  14:43    233
 25   16,0   20,0  15:36   12,8  06:45    1,1    0,0    0,0    0,0    8,0  08:36    281
 26   15,0   22,2  17:53    6,9  07:47    1,7    0,0    0,0    0,0    4,9  16:48     90
 27   17,7   22,6  17:20   12,7  08:58    0,2    0,0    0,0    0,0    2,7  22:28     68
 28   14,7   24,7  17:56    5,2  07:03    1,9    0,0    0,0    0,0    0,0  00:00     90
 29   17,1   27,0  18:05    8,6  08:16    0,5    0,0    0,0    0,0    0,0  00:00     90
 30   17,1   27,8  17:07    7,5  08:09    0,5    0,0    0,0    0,0    3,6  18:20     90
---------------------------------------------------------------------------------------
      20,7   34,4     05    5,2     28    6,1   51,9   18,2    0,0    9,4     24     71
    
