                   MONTHLY CLIMATOLOGICAL SUMMARY for abr 2026


NAME: El Campillo (Rivas-Vaciamadrid)                  
ELEV: 539 metros    LAT: 39-11.40 N    LONG: 003-18.00 W


                   TEMPERATURE (C), RAIN (mm), WIND SPEED (m/s)

                                         HEAT   COOL         AVG
      MEAN                               DEG    DEG          WIND                   DOM
DAY   TEMP   HIGH   TIME    LOW   TIME   DAYS   DAYS   RAIN  SPEED   HIGH   TIME    DIR
---------------------------------------------------------------------------------------
 01   12,8   20,1  17:08    5,1  05:18    2,9    0,0    0,0    0,0    0,0  00:00     90
 02   12,1   19,2  16:12    4,8  06:07    3,3    0,0    0,0    0,0    0,0  00:00     90
 03   12,2   22,4  17:48    2,0  07:20    3,2    0,0    0,0    0,0    0,0  00:00     90
 04   15,6   24,8  17:18    5,5  07:39    1,3    0,0    0,0    0,0    0,0  00:00     90
 05   16,4   27,3  16:24    6,1  07:22    0,9    0,0    0,0    0,0    0,0  00:00     90
 06   19,1   26,2  17:23   11,0  07:54    0,0    0,6    0,0    0,0    0,0  00:00     90
 07   16,2   24,1  17:45   12,1  06:40    1,0    0,0    1,4    0,0    0,0  00:00     90
 08   13,3   17,8  15:47    9,3  22:37    2,6    0,0    1,4    0,0    0,0  00:00     90
 09   16,0   25,8  16:19    7,1  06:16    1,1    0,0    0,0    0,0    0,0  00:00     90
 10   20,3   29,4  16:45   13,3  08:38    0,0    1,3    0,0    0,0    0,0  00:00     90
 11   18,6   23,1  17:10   11,6  08:08    0,0    0,3    0,0    0,0    0,0  00:00     90
 12   12,4   16,1  00:00    8,9  22:08    3,1    0,0    4,0    0,0    0,0  00:00     90
 13   10,3   16,0  19:11    4,7  07:07    4,3    0,0    0,0    0,0    0,0  00:00     90
 14   13,2   22,1  18:47    4,7  07:30    2,7    0,0    0,0    0,0    0,0  00:00     90
 15   15,6   24,9  18:27    5,6  07:29    1,3    0,0    0,0    0,0    0,0  00:00     90
 16   16,9   26,3  16:23    6,6  06:35    0,6    0,0    0,0    0,0    0,0  00:00     90
 17   17,6   27,7  18:14    7,6  07:37    0,2    0,0    0,0    0,0    0,0  00:00     90
 18   19,3   28,9  17:29    9,1  07:02    0,0    0,7    0,0    0,0    0,0  00:00     90
 19   20,8   28,7  18:11   12,4  07:42    0,0    1,5    0,0    0,0    0,0  00:00     90
 20   19,5   27,9  15:06   10,6  07:28    0,0    0,8    0,0    0,0    0,0  00:00     90
 21   18,3   28,8  14:59    9,5  07:31    0,0    0,1    0,2    0,0    0,0  00:00     90
 22   18,7   25,9  19:24   13,1  08:14    0,0    0,4    0,0    0,0    0,0  00:00     90
 23   18,2   26,8  17:05    9,6  07:51    0,0    0,1    0,0    0,0    0,0  00:00     90
 24   17,3   24,0  18:50   11,6  05:40    0,4    0,0    7,2    0,0    0,0  00:00     90
 25   18,8   24,9  17:43   13,6  07:29    0,0    0,4    0,0    0,0    0,0  00:00     90
 26   19,8   27,9  18:34   11,1  07:47    0,0    1,0    0,0    0,0    0,0  00:00     90
 27   19,7   27,4  18:44   10,4  07:19    0,0    0,9    0,0    0,0    0,0  00:00     90
 28   18,9   26,7  18:18   10,1  07:14    0,0    0,5    0,0    0,0    0,0  00:00     90
 29   16,8   22,4  18:48   13,0  06:28    0,7    0,0    5,8    0,0    0,0  00:00     90
 30   17,0   23,9  19:01   10,4  06:44    0,5    0,0    0,0    0,0    0,0  00:00     90
---------------------------------------------------------------------------------------
      16,7   29,4     10    2,0     03   30,2    8,8   20,0    0,0    0,0     01     90
    
