                   MONTHLY CLIMATOLOGICAL SUMMARY for jun 2018


NAME: El Campillo (Rivas-Vaciamadrid)                  
ELEV: 539 metros    LAT: 39-11.40 N    LONG: 003-18.00 W


                   TEMPERATURE (C), RAIN (mm), WIND SPEED (m/s)

                                         HEAT   COOL         AVG
      MEAN                               DEG    DEG          WIND                   DOM
DAY   TEMP   HIGH   TIME    LOW   TIME   DAYS   DAYS   RAIN  SPEED   HIGH   TIME    DIR
---------------------------------------------------------------------------------------
 01   18,8   26,1  18:55   11,6  07:03    0,0    0,4    1,4    0,4    8,5  23:07    196
 02   16,7   24,6  17:21   12,5  23:22    0,7    0,0   11,0    0,6   13,9  17:49     60
 03   17,4   24,6  17:48   10,2  06:01    0,3    0,0    0,2    0,3    6,7  17:33    231
 04   15,7   19,4  19:26   11,2  07:11    1,3    0,0    0,0    0,4    7,6  18:12    216
 05   15,6   20,8  18:11   10,9  06:26    1,3    0,0    0,0    0,2    5,4  11:36    246
 06   15,0   20,3  19:51   10,5  07:54    1,7    0,0    3,8    0,2    8,5  15:50     61
 07   17,8   24,2  16:38    9,7  06:57    0,1    0,0    0,0    0,2    6,3  18:29    240
 08   16,5   19,0  18:20   14,3  07:38    0,8    0,0    5,4    0,1    4,5  12:59    175
 09   16,3   22,4  15:07   11,2  06:15    1,0    0,0    0,0    0,3    7,6  16:56    233
 10   14,6   19,7  20:44    8,4  06:39    1,9    0,0    1,2    0,1    5,4  18:04    227
 11   16,4   21,2  14:25   11,2  07:04    0,9    0,0    0,0    0,3    5,4  10:44    213
 12   18,6   26,5  18:33   11,2  07:27    0,0    0,3    0,0    0,4    6,3  19:54     60
 13   19,1   26,3  17:17   10,0  07:26    0,0    0,6    0,0    0,3    5,8  17:41     23
 14   19,7   28,2  19:13   10,8  06:49    0,0    0,9    0,0    0,4    4,9  15:13     61
 15   22,6   31,5  18:34   11,8  07:21    0,0    2,5    0,0    0,2    4,0  23:55     68
 16   24,6   32,1  19:41   16,0  07:24    0,0    3,6    0,0    0,5    5,4  17:23     55
 17   24,5   32,4  17:02   16,4  07:20    0,0    3,6    0,0    0,4    5,4  15:25     61
 18   24,7   31,7  17:24   15,6  07:06    0,0    3,7    0,0    1,0    8,0  16:51     61
 19   25,0   34,0  18:58   15,1  07:08    0,0    3,9    0,0    0,4    5,8  17:15     65
 20   26,9   35,4  20:56   18,8  07:30    0,0    4,9    0,0    0,5    4,5  03:19     59
 21   26,9   32,9  18:53   19,5  07:34    0,0    4,9    0,0    0,6    8,0  17:36     67
 22   27,4   34,8  19:08   19,8  07:25    0,0    5,2    0,0    0,3    4,0  16:11     62
 23   28,5   36,8  16:45   19,8  07:10    0,0    5,8    0,0    0,2    4,0  00:00     58
 24   29,3   38,1  18:54   20,2  07:18    0,0    6,3    0,0    0,4    3,6  02:23     44
 25   29,0   37,9  18:05   19,1  06:23    0,0    6,1    0,0    0,2    4,5  18:12    127
 26   28,1   35,4  17:41   20,3  07:24    0,0    5,6    0,0    0,3    4,5  17:02    206
 27   26,6   32,2  16:00   20,1  07:11    0,0    4,8    0,0    0,3    7,6  14:46    237
 28   25,1   32,2  19:06   16,6  05:23    0,0    3,9    0,0    0,2    5,8  15:24    217
 29   25,5   32,4  17:24   18,3  07:27    0,0    4,2    0,0    0,5    8,0  23:13     78
 30   23,2   29,3  18:00   19,9  07:43    0,0    2,9    4,4    0,3    4,9  03:11     75
---------------------------------------------------------------------------------------
      21,9   38,1     24    8,4     10   10,0   74,3   27,4    0,3   13,9     02     75
    

