                   MONTHLY CLIMATOLOGICAL SUMMARY for ago 2021


NAME: El Campillo (Rivas-Vaciamadrid)                  
ELEV: 539 metros    LAT: 39-11.40 N    LONG: 003-18.00 W


                   TEMPERATURE (C), RAIN (mm), WIND SPEED (m/s)

                                         HEAT   COOL         AVG
      MEAN                               DEG    DEG          WIND                   DOM
DAY   TEMP   HIGH   TIME    LOW   TIME   DAYS   DAYS   RAIN  SPEED   HIGH   TIME    DIR
---------------------------------------------------------------------------------------
 01   20,4   28,7  19:41   12,9  07:29    0,0    1,4    0,0    0,0    4,5  18:05     61
 02   23,3   31,3  17:08   15,2  07:28    0,0    2,9    0,0    0,0    4,5  19:10    174
 03   25,2   32,8  17:46   18,0  00:52    0,0    4,0    0,0    0,1    7,6  16:33    222
 04   26,9   32,4  19:43   22,3  07:35    0,0    4,9    0,0    0,1    7,6  18:20    285
 05   26,3   36,3  18:03   15,2  06:51    0,0    4,6    0,0    0,1    6,3  19:30    247
 06   26,5   34,3  18:23   16,9  06:47    0,0    4,7    0,0    0,4    8,5  14:01    226
 07   24,4   30,3  19:35   17,1  06:55    0,0    3,5    0,0    0,2    6,7  17:20    228
 08   23,4   31,9  20:24   13,9  06:58    0,0    3,0    0,0    0,1    4,9  14:59    195
 09   27,4   35,3  18:39   20,8  05:43    0,0    5,2    0,0    0,0    4,9  15:51    209
 10   28,5   36,3  16:53   20,7  07:07    0,0    5,9    0,0    0,0    4,9  00:46     91
 11   30,6   40,2  18:16   22,0  07:42    0,0    7,0    0,0    0,2    8,9  20:59    114
 12   30,5   38,8  18:42   22,6  07:09    0,0    6,9    0,0    0,2    7,2  15:52    209
 13   31,1   42,4  17:34   20,2  05:15    0,0    7,3    0,0    0,0    4,5  17:39    214
 14   33,4   42,9  18:07   23,2  07:59    0,0    8,6    0,0    0,1    7,6  17:50    190
 15   31,7   41,6  16:05   20,7  07:56    0,0    7,6    0,0    0,2    8,5  16:18    244
 16   27,9   36,9  16:09   16,6  07:11    0,0    5,5    0,0    0,2    7,6  23:25     66
 17   25,3   34,2  18:44   16,4  07:33    0,0    4,1    0,0    0,1    6,3  00:21     61
 18   26,3   35,2  18:36   17,9  07:35    0,0    4,6    0,0    0,1    6,7  17:12    212
 19   26,6   34,7  16:43   17,9  05:50    0,0    4,8    0,0    0,0    5,4  17:16    211
 20   26,8   34,9  18:07   18,8  07:37    0,0    4,9    0,0    0,1    5,4  15:34    170
 21   26,3   35,9  17:45   15,9  07:42    0,0    4,6    0,0    0,0    4,5  15:49    209
 22   27,1   37,7  18:51   15,6  06:03    0,0    5,1    0,0    0,0    4,9  23:48     90
 23   29,7   38,4  17:24   22,5  07:38    0,0    6,5    0,2    0,3   11,6  18:41     67
 24   25,2   34,0  17:44   19,3  08:03    0,0    4,0    0,0    0,1    8,9  21:40     81
 25   25,1   32,3  16:14   18,9  07:37    0,0    3,9    0,0    0,1    5,4  19:59    129
 26   25,9   33,9  15:52   18,2  05:30    0,0    4,4    0,0    0,0    3,1  16:45     90
 27   27,1   35,6  17:43   18,8  06:59    0,0    5,0    0,0    0,0    4,5  16:00    205
 28   25,9   33,6  18:42   16,8  07:18    0,0    4,4    0,0    0,1    5,8  14:30    220
 29   24,9   32,5  17:20   16,1  07:40    0,0    3,9    0,0    0,1    6,7  15:45    220
 30   24,9   31,2  16:50   18,1  07:45    0,0    3,8    0,0    0,1    8,0  15:00    210
 31   25,0   32,4  15:39   16,6  07:49    0,0    3,9    7,2    0,1    8,5  21:08     94
---------------------------------------------------------------------------------------
      26,8   42,9     14   12,9     01    0,0  150,9    7,4    0,1   11,6     23    191
    
