                   MONTHLY CLIMATOLOGICAL SUMMARY for ago 2020


NAME: El Campillo (Rivas-Vaciamadrid)                  
ELEV: 539 metros    LAT: 39-11.40 N    LONG: 003-18.00 W


                   TEMPERATURE (C), RAIN (mm), WIND SPEED (m/s)

                                         HEAT   COOL         AVG
      MEAN                               DEG    DEG          WIND                   DOM
DAY   TEMP   HIGH   TIME    LOW   TIME   DAYS   DAYS   RAIN  SPEED   HIGH   TIME    DIR
---------------------------------------------------------------------------------------
 01   29,9   39,3  18:29   19,5  06:27    0,0    6,6    0,0    0,2    7,2  14:15    226
 02   28,5   37,2  18:00   20,3  07:32    0,0    5,8    0,0    0,1    5,4  23:53    273
 03   26,3   33,4  18:48   19,3  07:25    0,0    4,6    0,0    0,2    6,7  17:59     63
 04   26,0   34,4  18:37   17,7  07:37    0,0    4,5    0,0    0,0    2,2  11:20     90
 05   28,1   37,4  19:09   19,6  07:37    0,0    5,6    0,0    0,0    1,3  14:51     90
 06   30,2   39,2  18:03   22,9  01:39    0,0    6,8    0,0    0,0    2,7  17:10     90
 07   31,7   39,9  18:35   22,7  07:38    0,0    7,6    0,0    0,0    4,5  17:33    222
 08   30,4   37,6  18:55   22,0  07:34    0,0    6,9    0,0    0,0    2,2  14:46     90
 09   30,9   39,4  18:21   20,7  07:34    0,0    7,2    0,0    0,1    5,4  18:26    210
 10   27,2   32,6  18:02   23,3  08:47    0,0    5,1    0,2    0,1   13,0  09:52     80
 11   20,9   27,4  00:01   16,3  23:46    0,0    1,6   25,2    0,2    8,9  20:57     68
 12   21,1   28,9  19:13   13,9  07:15    0,0    1,7    0,0    0,0    1,3  18:21     90
 13   23,3   30,9  18:52   15,4  07:40    0,0    2,9    0,0    0,0    0,4  13:10     90
 14   24,9   33,3  16:45   15,8  05:54    0,0    3,9    0,0    0,0    1,3  15:41     90
 15   23,8   30,5  15:29   15,9  07:28    0,0    3,2    0,0    0,0    6,7  14:34    215
 16   21,9   28,9  19:12   13,2  07:01    0,0    2,2    0,0    0,0    3,6  19:28     90
 17   22,3   29,1  17:38   14,6  05:24    0,0    2,4    0,0    0,0    4,9  15:10     90
 18   24,0   32,0  18:14   16,7  06:33    0,0    3,4    0,0    0,0    6,3  16:46     90
 19   25,6   34,6  18:44   15,8  07:20    0,0    4,2    0,0    0,0    5,4  14:30     90
 20   25,2   35,5  17:00   14,8  07:26    0,0    4,0    0,0    0,0    4,9  15:30     90
 21   26,0   33,4  18:57   17,9  07:33    0,0    4,4    0,0    0,1    7,2  14:09    238
 22   25,9   34,3  19:22   17,2  07:37    0,0    4,4    0,0    0,0    4,9  14:30     90
 23   26,3   34,5  19:01   17,5  07:44    0,0    4,6    0,0    0,0    5,8  01:13     68
 24   26,3   35,3  18:47   19,4  07:24    0,0    4,6    0,0    0,0    5,4  01:51     68
 25   27,1   37,3  17:09   17,9  07:45    0,0    5,1    0,0    0,0    0,9  16:47     90
 26   27,2   38,0  17:26   16,1  07:47    0,0    5,1    0,0    0,0    1,3  17:31     90
 27   27,2   37,9  16:22   17,1  07:08    0,0    5,1    0,0    0,0    0,4  14:10     90
 28   26,4   33,3  17:52   17,7  07:48    0,0    4,6    0,0    0,2    6,7  14:31    275
 29   19,6   24,5  15:50   14,7  07:56    0,0    0,9    0,0    0,3    7,6  13:46    317
 30   17,3   24,5  16:59    9,6  07:43    0,4    0,0    0,0    0,0    1,8  11:19     90
 31   18,4   26,9  16:08   10,5  07:48    0,0    0,2    0,0    0,0    4,5  00:29     90
---------------------------------------------------------------------------------------
      25,5   39,9     07    9,6     30    0,4  129,3   25,4    0,0   13,0     10    283
    
