                   MONTHLY CLIMATOLOGICAL SUMMARY for ene 2020


NAME: El Campillo (Rivas-Vaciamadrid)                  
ELEV: 539 metros    LAT: 39-11.40 N    LONG: 003-18.00 W


                   TEMPERATURE (C), RAIN (mm), WIND SPEED (m/s)

                                         HEAT   COOL         AVG
      MEAN                               DEG    DEG          WIND                   DOM
DAY   TEMP   HIGH   TIME    LOW   TIME   DAYS   DAYS   RAIN  SPEED   HIGH   TIME    DIR
---------------------------------------------------------------------------------------
 01    2,6   11,8  15:47   -3,2  08:12    8,6    0,0    0,2    0,0    0,0  00:00     90
 02    2,8   12,3  16:52   -2,8  07:42    8,5    0,0    0,2    0,0    0,0  00:00     90
 03    1,9    4,7  16:49   -1,8  05:36    8,9    0,0    0,2    0,0    0,0  00:00     90
 04    4,4   13,0  16:10   -1,6  06:10    7,6    0,0    0,0    0,0    6,3  12:39     68
 05    3,0   11,3  17:13   -2,7  08:22    8,3    0,0    0,0    0,0    0,4  01:42     90
 06    3,1   13,4  16:34   -3,1  08:03    8,3    0,0    0,2    0,0    0,0  00:00     90
 07    3,0   13,6  17:02   -2,8  07:14    8,4    0,0    0,0    0,0    0,0  00:00     90
 08    4,4   15,8  16:38   -2,3  08:25    7,6    0,0    0,2    0,0    0,0  00:00     90
 09    5,3   13,1  16:36   -0,8  07:48    7,0    0,0    0,0    0,0    0,0  00:00     90
 10    5,3   11,7  13:58   -1,4  08:40    7,1    0,0    0,0    0,1    6,7  16:18     68
 11    3,6   11,9  16:47   -1,4  08:30    8,0    0,0    0,0    0,0    0,0  00:00     90
 12    0,9    9,9  16:37   -5,1  08:25    9,5    0,0    0,2    0,0    0,0  00:00     90
 13    0,6    8,9  16:38   -4,8  07:26    9,7    0,0    0,0    0,0    0,0  00:00     90
 14    1,6    9,9  17:03   -4,7  08:11    9,1    0,0    0,2    0,0    0,0  00:00     90
 15    5,2    9,1  15:43    0,7  08:51    7,1    0,0    0,0    0,0    0,0  00:00     90
 16    8,7   14,6  15:47    5,4  07:32    5,2    0,0    0,0    0,0    0,4  16:20     90
 17    7,7   12,9  16:09    3,8  08:17    5,7    0,0    0,0    0,0    4,5  12:00     90
 18    6,7    9,6  16:39    3,9  04:46    6,3    0,0    1,8    0,0    5,8  23:30    281
 19    5,9    9,5  16:32    2,4  06:09    6,7    0,0    0,6    2,7   13,4  14:26     67
 20    4,2    6,3  16:22    2,3  08:50    7,7    0,0    0,0    3,8   13,4  09:22     68
 21    5,5    8,0  14:35    3,9  04:52    7,0    0,0    1,0    0,4   11,2  03:52     68
 22    6,7   10,7  14:28    4,2  23:53    6,3    0,0    1,0    0,0    6,3  01:16     68
 23    6,1   11,2  16:54    1,3  07:12    6,6    0,0    0,0    0,0    0,4  00:46     90
 24    7,7    9,5  13:42    6,1  09:30    5,7    0,0    2,2    0,1    5,4  12:14     90
 25    7,6   10,4  11:47    6,1  00:54    5,8    0,0    7,2    0,2    4,5  12:40     68
 26    6,6   11,6  16:57    3,3  23:47    6,3    0,0    0,0    0,0    0,4  02:10     90
 27    5,8   10,2  16:17    0,8  05:24    6,8    0,0    0,0    0,0    4,5  13:13    229
 28   10,6   13,1  14:31    8,2  00:00    4,1    0,0    0,0    0,5    8,5  12:13    245
 29   11,5   14,1  15:08   10,2  08:26    3,6    0,0    0,0    0,2    4,9  11:44    240
 30    9,7   12,7  15:01    7,5  07:53    4,6    0,0    0,0    0,1    7,2  13:57    228
 31   11,5   15,9  15:07    9,6  03:10    3,6    0,0    0,0    0,0    2,7  15:05     90
---------------------------------------------------------------------------------------
       5,5   15,9     31   -5,1     12  215,5    0,0   15,2    0,3   13,4     19     68
    
