                   MONTHLY CLIMATOLOGICAL SUMMARY for jul 2025


NAME: El Campillo (Rivas-Vaciamadrid)                  
ELEV: 539 metros    LAT: 39-11.40 N    LONG: 003-18.00 W


                   TEMPERATURE (C), RAIN (mm), WIND SPEED (m/s)

                                         HEAT   COOL         AVG
      MEAN                               DEG    DEG          WIND                   DOM
DAY   TEMP   HIGH   TIME    LOW   TIME   DAYS   DAYS   RAIN  SPEED   HIGH   TIME    DIR
---------------------------------------------------------------------------------------
 01   28,2   36,4  15:40   20,1  04:40    0,0    5,6    0,0    0,0    0,0  00:10     90
 02   18,1   20,0  00:10   16,7  04:40    0,0    0,0    0,0    0,0    0,0  00:10     90
 03
 04
 05
 06
 07
 08   20,6   25,6  12:10   17,8  09:03    0,0    1,5    0,0    0,0    0,0  09:03     90
 09
 10   32,2   35,9  18:11   25,1  23:59    0,0    7,9    0,0    0,0    0,0  09:34     90
 11   25,9   32,2  18:30   19,0  07:26    0,0    4,4    0,0    0,0    0,0  00:00     90
 12   23,2   29,8  18:31   16,3  06:51    0,0    2,9    0,0    0,0    0,0  00:00     90
 13   25,3   33,0  19:00   17,1  07:32    0,0    4,0    0,0    0,0    0,0  00:00     90
 14   26,9   36,1  17:44   16,0  07:00    0,0    4,9    0,0    0,0    0,0  00:00     90
 15   28,7   37,9  18:00   17,2  06:55    0,0    6,0    0,0    0,0    0,0  00:00     90
 16   30,3   39,9  18:33   21,0  07:25    0,0    6,8    0,0    0,0    0,0  00:00     90
 17   29,5   39,4  18:00   17,8  07:26    0,0    6,4    0,0    0,0    0,0  00:00     90
 18   27,4   34,5  16:25   18,5  07:18    0,0    5,2    0,0    0,0    0,0  00:00     90
 19   25,4   31,3  18:37   17,4  07:11    0,0    4,1    0,0    0,0    0,0  00:00     90
 20   24,4   30,5  18:32   16,9  07:33    0,0    3,5    0,0    0,0    0,0  00:00     90
 21   23,9   32,6  19:43   14,4  07:36    0,0    3,3    0,0    0,0    0,0  00:00     90
 22   25,0   34,7  18:41   13,8  07:15    0,0    3,9    0,0    0,0    0,0  00:00     90
 23   24,3   31,2  17:53   16,0  06:43    0,0    3,5    0,0    0,0    0,0  00:00     90
 24   23,1   29,1  17:15   16,3  07:29    0,0    2,9    0,0    0,0    0,0  00:10     90
 25   22,7   31,5  20:46   14,2  07:22    0,0    2,6    0,0    0,0    0,0  00:00     90
 26   24,8   33,8  18:33   15,4  07:12    0,0    3,8    0,0    0,0    0,0  00:00     90
 27   27,7   36,8  19:07   16,2  07:37    0,0    5,4    0,0    0,0    0,0  00:00     90
 28   26,6   33,7  17:19   19,6  07:25    0,0    4,8    0,0    0,0    0,0  00:00     90
 29   23,9   32,3  19:06   16,1  07:15    0,0    3,3    0,0    0,0    0,0  00:00     90
 30   25,2   34,2  18:37   15,8  07:12    0,0    4,0    0,0    0,0    0,0  00:00     90
 31   27,4   36,0  17:45   19,0  07:35    0,0    5,2    0,0    0,0    0,0  00:00     90
---------------------------------------------------------------------------------------
      25,9   39,9     16   13,8     22    0,0  105,9    0,0    0,0    0,0     01     90
    
