                   MONTHLY CLIMATOLOGICAL SUMMARY for nov 2022


NAME: El Campillo (Rivas-Vaciamadrid)                  
ELEV: 539 metros    LAT: 39-11.40 N    LONG: 003-18.00 W


                   TEMPERATURE (C), RAIN (mm), WIND SPEED (m/s)

                                         HEAT   COOL         AVG
      MEAN                               DEG    DEG          WIND                   DOM
DAY   TEMP   HIGH   TIME    LOW   TIME   DAYS   DAYS   RAIN  SPEED   HIGH   TIME    DIR
---------------------------------------------------------------------------------------
 01   14,6   21,4  16:37   10,2  07:19    1,9    0,0    0,2    0,0    0,0  00:00     90
 02   14,8   22,4  16:11    8,5  07:03    1,8    0,0    0,0    0,0    0,0  00:00     90
 03   13,4   18,2  13:47   10,9  06:31    2,6    0,0    1,8    0,0    3,6  16:04     90
 04   11,7   16,6  16:04    6,2  23:58    3,5    0,0    0,2    0,0    0,0  00:00     90
 05    8,8   17,9  17:04    1,6  07:56    5,1    0,0    0,0    0,0    0,0  00:00     90
 06    9,5   20,2  16:44    0,9  07:39    4,7    0,0    0,0    0,0    0,0  00:00     90
 07   11,1   19,8  16:55    4,5  07:05    3,8    0,0    0,0    0,0    0,0  00:00     90
 08   12,1   17,7  13:09    6,7  06:06    3,3    0,0    0,6    0,0    0,4  12:47     90
 09   12,3   16,9  16:30    7,7  23:59    3,2    0,0    3,8    0,0    0,0  00:00     90
 10   10,3   17,7  16:40    4,2  06:01    4,3    0,0    0,2    0,0    0,4  09:23     90
 11   11,7   16,7  14:24    5,3  06:17    3,5    0,0    0,0    0,0    0,4  11:30     90
 12   14,0   20,1  14:40   10,3  06:09    2,2    0,0    5,4    0,2    9,8  15:27     87
 13   12,9   19,2  16:06    8,2  07:29    2,8    0,0    0,0    0,0    0,0  00:00     90
 14   11,9   17,3  15:59    7,5  06:36    3,4    0,0    0,2    0,0    0,0  00:00     90
 15   13,4   15,9  14:25   12,6  00:59    2,6    0,0    3,8    0,0    8,9  12:40    227
 16   12,1   13,6  12:28   10,7  07:40    3,3    0,0    3,2    0,1    6,7  22:20    241
 17   14,5   18,2  15:54   11,1  23:55    2,0    0,0    0,4    0,3    8,5  12:47    233
 18   10,7   14,4  13:22    8,2  23:31    4,0    0,0    0,8    0,0    0,4  12:44     90
 19    8,6   12,3  13:35    4,3  07:50    5,2    0,0    0,0    0,0    0,4  09:20     90
 20    9,6   17,4  14:53    3,4  04:39    4,7    0,0    0,0    0,0    3,6  14:56     90
 21   11,6   14,1  12:20    6,6  23:25    3,6    0,0    7,4    0,7   16,5  20:40    248
 22    8,1   13,1  23:54    5,3  04:48    5,5    0,0    1,4    0,1    7,6  17:40    235
 23   14,3   17,6  15:16   12,3  22:14    2,0    0,0    0,0    0,6   11,2  07:20    246
 24   12,4   17,1  15:27    8,3  07:08    3,1    0,0    2,2    0,0    0,0  00:00     90
 25   11,2   14,7  13:48    4,6  23:59    3,8    0,0    1,2    0,0    5,4  09:40    281
 26    6,0   13,4  15:40    1,0  07:18    6,7    0,0    0,0    0,0    0,0  00:00     90
 27    6,4   14,3  16:06    0,0  08:02    6,4    0,0    0,2    0,0    0,0  00:00     90
 28    7,9   13,2  14:18    3,2  08:06    5,6    0,0    4,8    0,0    2,7  14:56     90
 29    5,3   13,2  16:33   -0,2  08:05    7,0    0,0    0,0    0,0    0,0  00:00     90
 30    6,4   12,7  15:09    1,3  08:29    6,4    0,0    0,0    0,0    0,0  00:00     90
---------------------------------------------------------------------------------------
      10,9   22,4     02   -0,2     29  118,0    0,0   37,8    0,1   16,5     21    242
    
