                   MONTHLY CLIMATOLOGICAL SUMMARY for oct 2022


NAME: El Campillo (Rivas-Vaciamadrid)                  
ELEV: 539 metros    LAT: 39-11.40 N    LONG: 003-18.00 W


                   TEMPERATURE (C), RAIN (mm), WIND SPEED (m/s)

                                         HEAT   COOL         AVG
      MEAN                               DEG    DEG          WIND                   DOM
DAY   TEMP   HIGH   TIME    LOW   TIME   DAYS   DAYS   RAIN  SPEED   HIGH   TIME    DIR
---------------------------------------------------------------------------------------
 01   15,1   24,9  17:37    6,0  07:00    1,6    0,0    0,0    0,0    0,4  09:42     90
 02   18,4   29,6  17:54    9,0  08:21    0,0    0,2    0,0    0,0    0,0  00:00     90
 03   18,8   29,4  17:56   10,7  08:28    0,0    0,4    0,0    0,0    0,0  00:00     90
 04   19,5   30,8  17:07    9,8  08:06    0,0    0,8    0,0    0,0    0,0  00:00     90
 05   19,8   29,1  17:24   11,7  08:21    0,0    1,0    0,0    0,0    0,0  00:00     90
 06   20,6   26,7  17:02   14,7  07:54    0,0    1,5    0,0    0,0    0,4  01:41     90
 07   18,5   24,8  15:56   11,2  07:48    0,0    0,3    0,0    0,0    0,0  00:00     90
 08   18,6   26,8  16:41   10,8  08:34    0,0    0,4    0,0    0,0    8,0  22:55     90
 09   19,2   26,2  17:51   13,7  05:38    0,0    0,7    0,0    0,0    0,4  14:51     90
 10   17,0   23,1  16:30   13,9  02:25    0,6    0,0    1,4    0,0    0,4  10:22     90
 11   17,9   23,8  14:24   14,8  23:58    0,0    0,0    0,0    0,0    0,4  15:37     90
 12   17,1   24,6  17:34   10,5  07:46    0,5    0,0    0,0    0,0    0,0  00:00     90
 13   17,8   25,7  15:54   10,8  08:08    0,1    0,0    0,0    0,0    0,0  00:00     90
 14   17,8   27,9  17:32    9,1  07:42    0,1    0,0    0,0    0,0    0,0  00:00     90
 15   17,9   27,7  16:53    9,4  08:28    0,1    0,0    0,0    0,0    0,4  16:13     90
 16   18,1   26,8  16:59    9,6  08:33    0,0    0,1    0,0    0,0    4,0  17:20     90
 17   20,2   27,3  18:10   15,6  04:20    0,0    1,2    1,0    0,0    0,4  17:20     90
 18   21,0   30,5  17:26   13,3  08:54    0,0    1,7    0,0    0,0    0,4  15:03     90
 19   19,2   27,8  13:48   13,0  08:29    0,0    0,7    1,6    0,3   11,6  14:15    222
 20   17,2   22,0  13:55   13,7  18:23    0,4    0,0    6,4    0,0    7,6  14:30    211
 21   15,9   19,4  14:56   13,9  08:56    1,2    0,0    4,2    0,0    0,4  13:30     90
 22   16,8   23,6  17:41   12,4  08:38    0,6    0,0    3,2    0,0    7,2  19:51    264
 23   16,2   18,6  10:18   14,0  23:52    1,0    0,0    0,0    0,0    2,7  11:33     90
 24   14,7   18,1  15:59   11,6  08:07    1,8    0,0    0,2    0,0    0,0  00:00     90
 25   17,2   25,1  16:55   12,2  09:13    0,5    0,0    0,0    0,0    0,4  14:51     90
 26   17,6   23,5  15:29   12,4  07:24    0,2    0,0    0,0    0,0    0,0  00:00     90
 27   20,0   27,0  14:50   14,1  08:48    0,0    1,1    0,0    0,0    0,0  00:00     90
 28   18,6   27,1  16:17   12,1  08:09    0,0    0,3    0,2    0,0    0,0  00:00     90
 29   19,2   26,4  16:53   12,6  09:26    0,0    0,7    0,0    0,0    0,4  01:50     90
 30   15,0   20,2  16:38   10,4  23:54    1,7    0,0    0,0    0,0    0,0  00:00     90
 31   12,9   16,9  13:50    9,2  06:48    2,9    0,0    1,2    0,0    0,0  00:00     90
---------------------------------------------------------------------------------------
      17,9   30,8     04    6,0     01   13,4   11,0   19,4    0,0   11,6     19    222
    
