                   MONTHLY CLIMATOLOGICAL SUMMARY for may 2021


NAME: El Campillo (Rivas-Vaciamadrid)                  
ELEV: 539 metros    LAT: 39-11.40 N    LONG: 003-18.00 W


                   TEMPERATURE (C), RAIN (mm), WIND SPEED (m/s)

                                         HEAT   COOL         AVG
      MEAN                               DEG    DEG          WIND                   DOM
DAY   TEMP   HIGH   TIME    LOW   TIME   DAYS   DAYS   RAIN  SPEED   HIGH   TIME    DIR
---------------------------------------------------------------------------------------
 01   11,0   17,6  18:59    4,2  06:14    3,9    0,0    0,2    0,0    3,1  14:39     90
 02   13,3   18,5  15:01    7,1  07:42    2,6    0,0    0,0    0,1    4,9  15:52     67
 03   12,7   17,9  16:40    9,4  08:14    3,0    0,0   14,0    0,1    6,3  13:55     65
 04   14,6   22,6  18:36    6,9  06:10    1,9    0,0    0,6    0,0    4,0  17:30     90
 05   16,8   25,8  18:44    7,3  04:24    0,7    0,0    0,0    0,0    4,0  15:43     90
 06   17,8   26,6  16:51    7,4  07:05    0,1    0,0    0,0    0,1    7,2  17:23    230
 07   19,5   28,4  19:13    8,4  06:35    0,0    0,8    0,0    0,0    3,6  16:13    180
 08   20,0   29,2  16:10    9,5  07:16    0,0    1,1    0,0    0,1    7,6  14:37    205
 09   15,6   20,7  13:24   10,2  23:58    1,3    0,0    5,0    0,2   12,1  15:30    213
 10   11,9   18,1  16:34    6,0  07:15    3,4    0,0    0,2    0,2    9,8  19:20    221
 11   12,1   18,5  18:26    5,3  07:24    3,3    0,0    0,0    0,1    6,7  14:50    245
 12   14,4   20,5  16:10    9,2  07:32    2,0    0,0    0,6    0,2    8,5  12:17    227
 13   14,8   22,1  17:31    7,3  06:54    1,8    0,0    0,0    0,1    8,5  17:57    221
 14   16,5   24,1  18:53    9,1  06:37    0,8    0,0    0,0    0,0    5,4  16:57    243
 15   19,0   27,2  17:18   10,9  07:07    0,0    0,6    0,0    0,1    8,0  14:51    216
 16   20,3   27,6  16:27   12,9  06:57    0,0    1,3    0,0    0,1    6,7  14:04    225
 17   19,7   27,4  20:02   12,3  07:34    0,0    1,0    0,0    0,0    4,5  16:34    224
 18   19,8   28,4  17:49    8,8  07:09    0,0    1,0    0,0    0,1    7,2  15:40    254
 19   19,2   24,7  18:20   12,2  05:28    0,0    0,6    0,0    0,1    5,8  11:01     69
 20   20,2   29,8  18:58   10,8  07:25    0,0    1,2    0,0    0,0    4,5  00:51     68
 21   21,9   30,3  16:55   12,9  07:02    0,0    2,2    0,0    0,1    8,9  16:56    247
 22   18,4   23,7  14:30   13,3  06:45    0,0    0,2    0,0    0,1    6,3  14:11    269
 23   14,4   19,8  17:51   10,2  23:57    2,0    0,0    0,2    0,3    7,6  18:40     63
 24   15,3   22,7  15:36    6,8  06:49    1,5    0,0    0,0    0,1    5,4  13:13    254
 25   18,9   27,5  18:13   10,1  07:26    0,0    0,5    0,0    0,1    5,4  14:43     70
 26   20,4   28,6  17:20   13,6  07:19    0,0    1,3    0,0    0,1    5,4  10:43     75
 27   21,5   29,2  17:30   13,9  07:29    0,0    1,9    0,0    0,0    4,9  13:33     70
 28   21,5   28,9  19:18   15,3  08:28    0,0    1,9    1,0    0,0    6,7  02:33     86
 29   22,9   31,4  16:43   13,4  07:12    0,0    2,7    0,0    0,0    3,1  14:35     45
 30   25,1   33,2  18:39   17,2  07:22    0,0    4,0    0,0    0,4   10,3  23:21     68
 31   24,1   32,1  17:09   18,6  07:58    0,0    3,4    1,6    0,3    9,4  22:13     84
---------------------------------------------------------------------------------------
      17,9   33,2     30    4,2     01   28,2   25,8   23,4    0,1   12,1     09    167
    
