                   MONTHLY CLIMATOLOGICAL SUMMARY for oct 2024


NAME: El Campillo (Rivas-Vaciamadrid)                  
ELEV: 539 metros    LAT: 39-11.40 N    LONG: 003-18.00 W


                   TEMPERATURE (C), RAIN (mm), WIND SPEED (m/s)

                                         HEAT   COOL         AVG
      MEAN                               DEG    DEG          WIND                   DOM
DAY   TEMP   HIGH   TIME    LOW   TIME   DAYS   DAYS   RAIN  SPEED   HIGH   TIME    DIR
---------------------------------------------------------------------------------------
 01   18,1   28,9  17:20    8,9  08:11    0,0    0,0    0,0    0,0    0,0  00:00     90
 02   19,9   26,1  15:17   15,1  06:33    0,0    1,1    0,2    0,0    0,0  00:00     90
 03   19,5   25,8  15:42   13,7  07:22    0,0    0,8    1,0    0,0    0,0  00:00     90
 04   17,6   25,3  18:01   10,6  08:20    0,2    0,0    0,0    0,0    0,0  00:00     90
 05   18,1   26,5  17:02    9,6  07:34    0,0    0,1    0,0    0,0    0,0  00:00     90
 06   20,0   24,4  17:42   16,6  23:34    0,0    1,1    0,0    0,0    0,0  00:00     90
 07   16,7   24,4  14:44   13,1  21:10    0,7    0,0    7,2    0,0    0,0  00:00     90
 08   15,0   18,8  14:54   12,1  06:50    1,7    0,0    0,2    0,0    0,0  00:00     90
 09   16,7   20,8  17:17   14,6  04:46    0,7    0,0   10,4    0,0    0,0  00:00     90
 10   14,6   20,5  17:05    9,7  07:54    1,9    0,0    0,0    0,0    0,0  00:00     90
 11   13,7   20,2  14:54    6,6  07:05    2,4    0,0    0,8    0,0    0,0  00:00     90
 12   15,7   17,8  17:25   13,7  23:59    1,3    0,0   24,8    0,0    0,0  00:00     90
 13   17,2   23,3  17:36   12,4  02:30    0,4    0,0    0,2    0,0    0,0  00:00     90
 14   17,7   22,8  18:16   13,1  07:07    0,2    0,0    0,0    0,0    0,0  00:00     90
 15   18,3   22,3  12:11   15,9  21:54    0,0    0,1    5,4    0,0    0,0  00:00     90
 16   17,9   23,1  17:31   15,4  23:38    0,1    0,0    6,8    0,0    0,0  00:00     90
 17   14,0   18,2  16:30   10,9  08:36    2,2    0,0   15,4    0,0    0,0  00:00     90
 18   12,7   20,0  17:31    6,1  08:28    2,9    0,0    0,0    0,0    0,0  00:00     90
 19   15,2   22,4  16:55   10,9  01:21    1,6    0,0    0,0    0,0    0,0  00:00     90
 20   15,7   22,3  17:07   10,6  08:04    1,3    0,0    0,0    0,0    0,0  00:00     90
 21   15,8   24,7  17:23    9,5  08:41    1,2    0,0    0,2    0,0    0,0  00:00     90
 22   16,4   23,2  17:21    9,8  08:13    0,9    0,0    0,0    0,0    0,0  00:00     90
 23   16,0   21,5  17:44   11,9  04:27    1,1    0,0    0,0    0,0    0,0  00:00     90
 24   16,4   21,7  17:24   13,6  08:36    0,9    0,0    0,0    0,0    0,0  00:00     90
 25   14,7   18,2  16:24   10,5  23:59    1,8    0,0    0,6    0,0    0,0  00:00     90
 26    9,5   14,1  14:05    5,4  08:35    4,7    0,0    0,4    0,0    0,0  00:00     90
 27    9,4   14,2  14:37    4,7  07:41    4,8    0,0    2,2    0,0    0,0  00:00     90
 28   14,0   19,3  15:41    8,5  00:00    2,2    0,0    1,2    0,0    0,0  00:00     90
 29   14,3   16,6  14:31    9,2  23:12    2,0    0,0   20,0    0,0    0,0  00:00     90
 30   14,9   20,2  15:01    9,5  00:00    1,7    0,0    7,8    0,0    0,0  00:00     90
 31   15,9   22,8  15:49   10,4  07:09    1,2    0,0    0,0    0,0    0,0  00:00     90
---------------------------------------------------------------------------------------
      15,9   28,9     01    4,7     27   40,3    3,3  104,8    0,0    0,0     01     90
    
