                   MONTHLY CLIMATOLOGICAL SUMMARY for abr 2024


NAME: El Campillo (Rivas-Vaciamadrid)                  
ELEV: 539 metros    LAT: 39-11.40 N    LONG: 003-18.00 W


                   TEMPERATURE (C), RAIN (mm), WIND SPEED (m/s)

                                         HEAT   COOL         AVG
      MEAN                               DEG    DEG          WIND                   DOM
DAY   TEMP   HIGH   TIME    LOW   TIME   DAYS   DAYS   RAIN  SPEED   HIGH   TIME    DIR
---------------------------------------------------------------------------------------
 01    7,4   13,7  16:50    2,8  02:38    5,9    0,0    1,4    0,0    0,0  00:00     90
 02    9,7   15,6  16:33    3,4  06:46    4,6    0,0    0,0    0,0    0,0  00:00     90
 03   12,4   19,1  17:28    7,9  03:10    3,1    0,0    0,0    0,0    0,0  00:00     90
 04   13,1   22,2  17:36    4,8  07:51    2,7    0,0    0,2    0,0    0,0  00:00     90
 05   14,9   24,2  17:19    6,5  07:55    1,7    0,0    0,0    0,0    0,0  00:00     90
 06   19,2   25,0  15:37   14,1  00:00    0,0    0,7    0,0    0,0    0,0  00:00     90
 07   17,5   24,1  18:04   12,3  08:15    0,3    0,0    0,0    0,0    0,0  00:00     90
 08   13,6   19,3  15:18    9,1  07:57    2,4    0,0    0,2    0,0    0,0  00:00     90
 09   10,4   17,2  19:06    2,7  06:29    4,2    0,0    0,0    0,0    0,0  00:00     90
 10   12,8   21,4  18:48    4,4  07:26    2,9    0,0    0,0    0,0    0,0  00:00     90
 11   17,4   26,6  17:47    7,9  07:50    0,4    0,0    0,0    0,0    0,0  00:00     90
 12   16,6   26,3  18:13    5,7  07:38    0,8    0,0    0,0    0,0    0,0  00:00     90
 13   17,3   28,7  18:03    6,8  07:10    0,4    0,0    0,0    0,0    0,0  00:00     90
 14   18,2   28,5  18:11    7,8  07:49    0,0    0,1    0,0    0,0    0,0  00:00     90
 15   19,3   29,8  16:39    9,7  07:01    0,0    0,7    0,0    0,0    0,0  00:00     90
 16   18,1   27,3  18:14    7,7  07:40    0,0    0,1    0,0    0,0    0,0  00:00     90
 17   15,2   22,3  17:57    7,7  07:41    1,6    0,0    0,0    0,0    0,0  00:00     90
 18   14,9   22,5  16:15    6,9  07:37    1,7    0,0    0,0    0,0    0,0  00:00     90
 19   14,4   24,2  18:55    4,8  07:06    2,0    0,0    0,0    0,0    0,0  00:00     90
 20   16,5   26,0  17:12    8,4  07:32    0,8    0,0    0,0    0,0    0,0  00:00     90
 21   16,4   24,8  17:44    8,2  07:02    0,9    0,0    0,0    0,0    0,0  00:00     90
 22   12,9   18,9  17:51    6,1  07:24    2,8    0,0    0,0    0,0    0,0  00:00     90
 23   10,4   18,3  16:45    2,8  07:40    4,2    0,0    0,0    0,0    0,0  00:00     90
 24   11,4   19,7  17:19    2,4  06:18    3,7    0,0    0,0    0,0    0,0  00:00     90
 25   12,6   20,7  14:51    4,7  07:02    3,0    0,0    0,0    0,0    0,0  00:00     90
 26   12,1   17,9  15:18    6,2  07:02    3,3    0,0    0,0    0,0    0,0  00:00     90
 27   11,7   15,7  19:20    7,3  23:58    3,5    0,0    3,8    0,0    0,0  00:10     90
 28   10,9   18,6  19:23    2,5  07:18    3,9    0,0    0,0    0,0    0,0  00:00     90
 29   12,7   20,7  15:23    6,7  05:42    3,0    0,0    0,0    0,0    0,0  00:00     90
 30   13,4   19,4  15:16    6,0  06:20    2,6    0,0    0,0    0,0    0,0  00:00     90
---------------------------------------------------------------------------------------
      14,1   29,8     15    2,4     24   66,3    1,6    5,6    0,0    0,0     01     90
    
