                   MONTHLY CLIMATOLOGICAL SUMMARY for jun 2024


NAME: El Campillo (Rivas-Vaciamadrid)                  
ELEV: 539 metros    LAT: 39-11.40 N    LONG: 003-18.00 W


                   TEMPERATURE (C), RAIN (mm), WIND SPEED (m/s)

                                         HEAT   COOL         AVG
      MEAN                               DEG    DEG          WIND                   DOM
DAY   TEMP   HIGH   TIME    LOW   TIME   DAYS   DAYS   RAIN  SPEED   HIGH   TIME    DIR
---------------------------------------------------------------------------------------
 01   19,8   28,2  16:04   11,4  06:49    0,0    1,0    0,0    0,0    0,0  00:00     90
 02   20,3   29,6  18:18   11,8  07:17    0,0    1,3    0,0    0,0    0,0  00:00     90
 03   22,2   30,3  16:15   13,8  06:56    0,0    2,3    0,0    0,0    0,0  00:00     90
 04   24,1   32,8  18:44   14,8  05:56    0,0    3,4    0,0    0,0    0,0  00:00     90
 05   25,8   34,3  18:44   17,0  06:24    0,0    4,3    0,0    0,0    0,0  00:00     90
 06   26,4   36,4  17:15   16,6  06:02    0,0    4,7    2,0    0,0    0,0  00:00     90
 07   26,9   33,6  17:28   19,1  07:32    0,0    4,9    0,0    0,0    0,0  00:00     90
 08   19,9   25,5  00:00   15,8  23:26    0,0    1,1    7,4    0,0    0,0  00:00     90
 09   19,4   24,3  18:38   14,7  05:47    0,0    0,8    0,2    0,0    0,0  00:00     90
 10   16,5   20,1  18:45   13,3  10:35    0,8    0,0   19,8    0,0    0,0  00:00     90
 11   18,5   26,6  18:40   10,4  06:48    0,0    0,3    2,8    0,0    0,0  00:00     90
 12   19,0   25,7  14:13   12,4  07:23    0,0    0,5    0,8    0,0    0,0  00:00     90
 13   20,6   29,4  19:08   11,0  07:01    0,0    1,5    0,0    0,0    0,0  00:00     90
 14   22,9   31,2  17:22   11,8  07:18    0,0    2,7    0,0    0,0    0,0  00:00     90
 15   22,9   29,7  18:44   14,9  06:23    0,0    2,7    0,0    0,0    0,0  00:00     90
 16   22,3   31,1  18:35   11,0  06:47    0,0    2,4    0,0    0,0    0,0  00:00     90
 17   23,6   32,3  18:30   13,9  07:26    0,0    3,1    0,0    0,0    0,0  00:00     90
 18   20,5   28,2  15:56   14,1  23:32    0,0    1,4    0,2    0,0    0,0  00:00     90
 19   18,4   25,5  18:37   12,2  06:03    0,0    0,2    0,0    0,0    0,0  00:00     90
 20   16,9   23,8  14:21   12,6  06:25    0,6    0,0    0,4    0,0    0,0  00:00     90
 21   20,7   29,5  19:24   11,2  07:21    0,0    1,5    0,0    0,0    0,0  00:00     90
 22   23,2   32,2  15:36   12,6  07:00    0,0    2,9    0,0    0,0    0,0  00:00     90
 23   24,6   31,3  16:51   16,7  06:59    0,0    3,7    0,0    0,0    0,0  00:00     90
 24   25,3   33,4  18:15   17,2  07:07    0,0    4,0    0,0    0,0    0,0  00:00     90
 25   27,0   36,5  17:20   19,2  07:33    0,0    5,0    0,0    0,0    0,0  00:00     90
 26   25,3   30,4  14:43   19,9  07:09    0,0    4,1    0,4    0,0    0,0  00:00     90
 27   27,5   35,0  16:30   21,2  00:22    0,0    5,3    0,0    0,0    0,0  00:00     90
 28   22,7   26,8  13:19   17,9  23:54    0,0    2,6    0,4    0,0    0,0  00:00     90
 29   19,4   25,8  17:49   15,6  06:43    0,0    0,8    1,6    0,0    0,0  00:00     90
 30   22,0   27,9  19:19   16,9  07:04    0,0    2,2    0,0    0,0    0,0  00:00     90
---------------------------------------------------------------------------------------
      22,2   36,5     25   10,4     11    1,5   70,8   36,0    0,0    0,0     01     90
    
