                   MONTHLY CLIMATOLOGICAL SUMMARY for abr 2023


NAME: El Campillo (Rivas-Vaciamadrid)                  
ELEV: 539 metros    LAT: 39-11.40 N    LONG: 003-18.00 W


                   TEMPERATURE (C), RAIN (mm), WIND SPEED (m/s)

                                         HEAT   COOL         AVG
      MEAN                               DEG    DEG          WIND                   DOM
DAY   TEMP   HIGH   TIME    LOW   TIME   DAYS   DAYS   RAIN  SPEED   HIGH   TIME    DIR
---------------------------------------------------------------------------------------
 01   15,2   20,4  17:57    9,7  05:22    1,5    0,0    0,0    0,2   11,6  19:30    275
 02   13,0   18,5  17:23    5,3  06:10    2,8    0,0    0,0    0,0    8,0  18:00    286
 03   12,3   20,6  17:15    3,9  04:52    3,1    0,0    0,0    0,0    0,0  00:00     90
 04   14,3   20,9  17:15    6,8  06:10    2,0    0,0    0,0    0,3   10,3  11:33     67
 05   13,5   22,2  18:26    3,6  05:29    2,5    0,0    0,0    0,0    3,1  01:40     90
 06   15,2   24,2  16:58    5,9  06:30    1,5    0,0    0,0    0,0    0,4  09:50     90
 07   16,1   25,5  18:15    4,7  06:20    1,1    0,0    0,0    0,0    3,6  16:28     90
 08   16,7   26,7  17:55    4,7  05:27    0,7    0,0    0,0    0,0    0,4  19:10     90
 09   18,0   27,9  16:13    5,8  06:20    0,0    0,0    0,0    0,0    5,4  16:30     90
 10   18,7   27,9  16:22    7,2  06:08    0,0    0,4    0,0    0,0    2,2  17:42     90
 11   19,0   27,3  17:19    9,1  06:12    0,0    0,6    0,0    0,0    5,4  15:50     90
 12   16,3   21,6  13:30   10,8  06:20    1,0    0,0    0,8    0,0    6,7  15:00    270
 13   12,3   17,2  17:14    6,7  08:30    3,1    0,0    0,0    0,0    6,3  14:26    281
 14   14,4   20,6  16:06    6,3  06:29    2,0    0,0    0,0    0,1    8,0  16:36    277
 15   16,9   23,5  16:31    9,1  05:43    0,6    0,0    0,0    0,0    6,7  17:38     68
 16   17,1   24,3  19:36    8,1  06:30    0,5    0,0    0,0    0,0    4,9  16:59     45
 17   17,3   24,4  17:46    6,4  05:29    0,4    0,0    0,0    0,0    6,7  15:09     68
 18   16,2   24,1  18:19    8,4  06:19    1,0    0,0    0,0    0,0    6,7  23:43     68
 19   17,5   25,7  18:54    9,4  08:06    0,3    0,0    0,0    0,0    4,0  03:09     90
 20   19,3   27,9  17:43    7,8  06:40    0,0    0,7    0,0    0,0    8,9  15:57    202
 21   18,9   26,3  16:40    9,7  06:30    0,0    0,5    0,2    0,0    8,0  15:25    214
 22   16,5   21,2  18:06   11,9  08:57    0,8    0,0    2,6    0,0    4,9  14:28    202
 23   16,7   24,3  17:18    6,5  06:20    0,7    0,0    0,0    0,0    5,8  16:10    202
 24   19,5   26,6  18:18    9,1  06:30    0,0    0,8    0,0    0,0    1,3  00:34     90
 25   20,8   29,4  18:31   10,9  06:30    0,0    1,6    1,4    0,0    0,4  09:30     90
 26   20,7   30,1  18:38    9,6  07:19    0,0    1,5    1,2    0,0    0,0  00:00     90
 27   21,9   32,7  18:30   11,6  07:14    0,0    2,2    0,0    0,0    0,0  00:00     90
 28   23,4   33,6  17:13   15,2  06:19    0,0    3,0    0,0    0,0    0,0  00:00     90
 29   21,3   27,8  18:29   14,5  07:30    0,0    1,9    0,0    0,0    0,0  00:00     90
 30   19,8   26,4  16:48   12,8  07:33    0,0    1,0    0,0    0,0    0,0  00:00     90
---------------------------------------------------------------------------------------
      17,4   33,6     28    3,6     05   25,9   14,2    6,2    0,0   11,6     01    352
    
