                   MONTHLY CLIMATOLOGICAL SUMMARY for jul 2019


NAME: El Campillo (Rivas-Vaciamadrid)                  
ELEV: 539 metros    LAT: 39-11.40 N    LONG: 003-18.00 W


                   TEMPERATURE (C), RAIN (mm), WIND SPEED (m/s)

                                         HEAT   COOL         AVG
      MEAN                               DEG    DEG          WIND                   DOM
DAY   TEMP   HIGH   TIME    LOW   TIME   DAYS   DAYS   RAIN  SPEED   HIGH   TIME    DIR
---------------------------------------------------------------------------------------
 01   29,5   36,5  16:49   21,2  07:02    0,0    6,4    0,0    0,4    8,5  22:10    102
 02   28,3   36,1  17:18   19,8  06:49    0,0    5,7    0,0    0,0    4,9  23:48    207
 03   29,0   35,3  16:36   22,9  03:59    0,0    6,1    0,0    0,9    8,9  16:04     81
 04   28,2   34,5  18:36   21,9  06:07    0,0    5,7    0,0    0,6    9,8  00:17     88
 05   28,1   34,8  18:24   20,9  06:32    0,0    5,6    0,0    0,3    5,8  00:01    213
 06   27,2   35,3  16:21   16,7  07:25    0,0    5,1    0,0    0,3    7,2  19:50    218
 07   27,0   35,9  20:05   17,3  07:22    0,0    5,0    0,0    0,1    5,8  15:15    220
 08   25,0   31,6  16:40   17,8  07:20    0,0    3,9    0,0    0,2    8,0  22:23    232
 09   23,6   29,7  15:18   16,1  07:36    0,0    3,1    0,0    0,3    7,6  18:32     67
 10   24,9   33,7  17:50   16,3  06:53    0,0    3,8    0,0    0,0    5,4  09:47     68
 11   28,2   38,7  18:35   16,6  07:14    0,0    5,7    0,0    0,0    2,2  16:30     87
 12   30,0   39,9  16:55   19,4  07:20    0,0    6,7    0,0    0,1    4,0  15:31    220
 13   29,5   36,7  13:00   22,7  07:10    0,0    6,4    0,0    0,3    8,5  20:00    229
 14   27,0   34,7  18:52   18,3  07:20    0,0    5,0    0,0    0,1    6,7  00:00     61
 15   28,4   37,0  18:10   19,3  07:29    0,0    5,8    0,0    0,2    8,0  17:37    282
 16   29,2   38,5  19:20   20,3  07:25    0,0    6,2    0,0    0,2    8,5  23:04     87
 17   28,3   34,9  16:03   21,0  06:50    0,0    5,7    0,0    0,1    4,5  14:05    219
 18   28,5   36,7  17:31   20,2  07:32    0,0    5,8    0,0    0,0    4,0  16:54    214
 19   30,1   37,9  15:56   21,9  07:09    0,0    6,7    0,0    0,2    5,4  01:49    121
 20   30,8   38,9  19:22   23,2  07:28    0,0    7,1    0,0    0,1    6,3  03:29     99
 21   31,5   39,6  17:30   23,7  07:10    0,0    7,5    0,0    0,7    8,0  22:58     87
 22   30,7   37,3  16:16   21,6  07:26    0,0    7,0    0,0    1,2    9,4  00:24     82
 23   30,4   38,6  18:01   23,8  08:00    0,0    6,9    0,2    0,4   10,3  19:53     77
 24   30,1   38,7  17:24   19,1  06:49    0,0    6,7    2,2    0,2    8,5  00:55    194
 25   30,7   37,2  18:30   23,4  06:23    0,0    7,0    0,0    0,4    6,7  01:30    175
 26   26,9   31,8  17:05   22,2  23:58    0,0    4,9    0,0    0,5    8,5  14:34    226
 27   23,3   28,5  18:19   18,2  07:31    0,0    3,0    0,0    0,4    8,0  14:06    256
 28   23,3   31,3  19:29   14,8  07:35    0,0    3,0    0,0    0,0    3,6  15:26    219
 29   25,7   33,6  15:47   15,6  07:12    0,0    4,3    0,0    0,4    8,0  15:10    227
 30   24,6   33,4  19:48   16,4  06:26    0,0    3,7    0,0    0,0    4,0  12:25     92
 31   25,8   34,9  18:38   17,6  06:27    0,0    4,3    0,0    0,8   10,3  21:41     82
---------------------------------------------------------------------------------------
      27,9   39,9     12   14,8     28    0,0  169,9    2,4    0,3   10,3     23    111
    
