                   MONTHLY CLIMATOLOGICAL SUMMARY for jun 2019


NAME: El Campillo (Rivas-Vaciamadrid)                  
ELEV: 539 metros    LAT: 39-11.40 N    LONG: 003-18.00 W


                   TEMPERATURE (C), RAIN (mm), WIND SPEED (m/s)

                                         HEAT   COOL         AVG
      MEAN                               DEG    DEG          WIND                   DOM
DAY   TEMP   HIGH   TIME    LOW   TIME   DAYS   DAYS   RAIN  SPEED   HIGH   TIME    DIR
---------------------------------------------------------------------------------------
 01   25,0   34,3  20:10   15,0  07:25    0,0    3,9    0,0    0,0    3,6  14:05    114
 02   26,1   35,4  18:29   17,4  07:23    0,0    4,5    0,0    0,2    3,6  06:34     83
 03   26,3   34,0  16:53   17,5  05:58    0,0    4,6    0,0    0,3    8,9  14:19    235
 04   23,2   29,6  17:03   16,3  06:21    0,0    2,9    0,0    0,7    8,5  15:50    227
 05   18,2   22,5  19:07   13,4  06:57    0,0    0,1    0,0    0,5    8,9  12:22    269
 06   17,8   24,9  18:52    8,6  07:10    0,1    0,0    0,0    0,6    8,0  20:40    219
 07   17,5   23,4  18:45   10,4  07:12    0,3    0,0    1,0    0,3    7,2  02:26    265
 08   20,1   29,5  17:43   10,5  06:46    0,0    1,2    0,0    0,6    9,4  13:52     96
 09   21,2   27,6  17:52   11,2  06:40    0,0    1,8    0,0    0,4    9,4  18:12    227
 10   20,5   27,1  19:03   11,6  06:22    0,0    1,4    0,0    0,2    7,6  16:55    260
 11   17,2   21,4  19:24   12,9  05:06    0,4    0,0    0,0    0,8    8,5  12:26     65
 12   17,8   27,3  20:57    7,4  07:16    0,1    0,0    0,0    0,1    5,4  15:24    205
 13   21,5   29,3  17:46   13,4  07:19    0,0    2,0    0,0    0,4    7,6  14:50    212
 14   20,3   25,5  16:52   13,5  07:30    0,0    1,3    0,0    0,6    9,4  11:54    226
 15   19,1   26,9  19:38    9,9  07:21    0,0    0,6    0,0    0,1    5,8  16:48    192
 16   21,6   31,2  17:27   10,8  05:05    0,0    2,0    0,0    0,1    4,5  18:27    213
 17   24,4   32,6  18:47   12,8  07:18    0,0    3,6    0,0    0,2    5,4  15:16    222
 18   25,1   31,3  15:59   17,0  07:05    0,0    4,0    0,0    0,5    8,0  14:48    223
 19   22,5   27,9  18:17   16,6  06:37    0,0    2,5    0,0    0,5    7,6  11:54    226
 20   22,9   29,3  17:10   14,5  06:52    0,0    2,7    0,0    0,2    7,2  13:34    224
 21   23,8   30,2  17:37   17,3  07:29    0,0    3,2    0,0    0,1    4,9  06:05     99
 22   24,3   32,4  16:59   16,1  06:59    0,0    3,5    0,0    0,3    6,7  01:29    100
 23   26,6   34,3  17:36   17,2  07:16    0,0    4,8    0,0    0,2    5,4  15:04    216
 24   26,8   33,7  18:07   19,9  07:19    0,0    4,9    0,0    0,2    6,3  01:56    118
 25   27,0   35,9  18:14   17,4  06:52    0,0    5,0    0,0    0,1    5,8  16:19    221
 26   29,2   35,8  17:50   20,8  07:13    0,0    6,2    0,0    0,3    8,5  23:53     88
 27   30,9   39,4  18:14   23,5  05:14    0,0    7,2    0,0    1,5   12,1  20:02     92
 28   31,6   39,4  17:52   23,1  05:21    0,0    7,5    0,0    0,8   10,7  14:06     82
 29   32,1   41,1  17:22   23,3  05:22    0,0    7,8    0,0    0,2    5,8  06:09     56
 30   32,1   39,4  18:17   22,4  07:36    0,0    7,8    0,0    0,2    7,2  03:19    209
---------------------------------------------------------------------------------------
      23,8   41,1     29    7,4     12    1,0   96,9    1,0    0,4   12,1     27    181
    
