                   MONTHLY CLIMATOLOGICAL SUMMARY for mar 2025


NAME: El Campillo (Rivas-Vaciamadrid)                  
ELEV: 539 metros    LAT: 39-11.40 N    LONG: 003-18.00 W


                   TEMPERATURE (C), RAIN (mm), WIND SPEED (m/s)

                                         HEAT   COOL         AVG
      MEAN                               DEG    DEG          WIND                   DOM
DAY   TEMP   HIGH   TIME    LOW   TIME   DAYS   DAYS   RAIN  SPEED   HIGH   TIME    DIR
---------------------------------------------------------------------------------------
 01    6,7    8,7  01:19    4,4  23:54    6,3    0,0   14,8    0,0    0,0  00:00     90
 02    3,9    4,8  13:58    2,2  05:20    7,8    0,0   15,0    0,0    0,0  00:00     90
 03    8,7   11,3  18:10    4,2  03:50    5,1    0,0    3,0    0,0    0,0  00:00     90
 04   10,4   14,6  13:02    7,8  07:21    4,2    0,0    2,2    0,0    0,0  00:00     90
 05   10,9   13,4  16:54    8,6  07:29    3,9    0,0    0,4    0,0    0,0  00:00     90
 06   10,7   13,6  13:26    8,4  05:08    4,1    0,0    6,6    0,0    0,0  00:00     90
 07   10,2   13,3  15:19    7,6  05:11    4,3    0,0    6,6    0,0    0,0  00:00     90
 08    9,4   11,7  13:53    5,3  23:58    4,8    0,0   13,4    0,0    0,0  00:00     90
 09    6,8   11,4  16:05    3,3  07:25    6,2    0,0    2,0    0,0    0,0  00:00     90
 10    8,1   12,7  15:45    5,0  01:27    5,5    0,0    9,4    0,0    0,0  00:00     90
 11    8,1   12,2  14:15    6,3  23:59    5,5    0,0   10,8    0,0    0,0  00:00     90
 12    7,7   12,8  15:00    2,8  06:01    5,7    0,0    0,2    0,0    0,0  00:00     90
 13    7,4   12,4  15:30    4,6  06:50    5,9    0,0    3,4    0,0    0,0  00:10     90
 14    6,9   11,8  17:40    4,1  01:30    6,2    0,0    0,4    0,0    0,0  00:10     90
 15    6,7   10,2  21:00    3,7  07:50    6,3    0,0    1,0    0,0    0,0  00:10     90
 16    7,9    9,3  13:40    7,2  05:10    5,6    0,0   13,0    0,0    0,0  00:10     90
 17
 18
 19
 20
 21
 22
 23
 24
 25
 26
 27
 28
 29
 30
 31
---------------------------------------------------------------------------------------
       8,2   14,6     04    2,2     02   87,5    0,0  102,2    0,0    0,0     01     90
    
