                   MONTHLY CLIMATOLOGICAL SUMMARY for ago 2025


NAME: El Campillo (Rivas-Vaciamadrid)                  
ELEV: 539 metros    LAT: 39-11.40 N    LONG: 003-18.00 W


                   TEMPERATURE (C), RAIN (mm), WIND SPEED (m/s)

                                         HEAT   COOL         AVG
      MEAN                               DEG    DEG          WIND                   DOM
DAY   TEMP   HIGH   TIME    LOW   TIME   DAYS   DAYS   RAIN  SPEED   HIGH   TIME    DIR
---------------------------------------------------------------------------------------
 01   26,0   31,9  16:58   21,3  07:05    0,0    4,5    0,0    0,0    0,0  00:00     90
 02   27,9   36,6  16:50   17,9  07:36    0,0    5,5    0,0    0,0    0,0  00:00     90
 03   29,4   37,9  19:39   21,3  07:34    0,0    6,3    0,0    0,0    0,0  00:00     90
 04   29,8   38,8  17:48   20,6  07:32    0,0    6,5    0,0    0,0    0,0  00:00     90
 05   30,7   40,0  15:37   21,7  07:12    0,0    7,0    0,0    0,0    0,0  00:00     90
 06   30,5   38,3  16:49   24,0  07:45    0,0    7,0    0,0    0,0    0,0  00:00     90
 07   29,3   39,9  17:38   18,1  07:30    0,0    6,3    0,0    0,0    0,0  00:00     90
 08   30,3   40,7  17:53   20,8  06:10    0,0    6,9    0,0    0,0    0,0  00:00     90
 09   30,7   40,1  17:57   20,4  07:45    0,0    7,0    0,0    0,0    0,0  00:00     90
 10   31,3   38,7  17:05   21,7  07:46    0,0    7,4    0,0    0,0    0,0  00:00     90
 11   31,7   40,6  18:19   21,0  07:14    0,0    7,6    0,0    0,0    0,0  00:00     90
 12   30,6   40,3  17:18   23,1  06:53    0,0    7,0    0,0    0,0    0,0  00:00     90
 13   29,1   37,4  16:30   23,4  06:39    0,0    6,2    0,0    0,0    0,0  00:00     90
 14   29,9   39,3  17:29   21,3  07:26    0,0    6,6    0,0    0,0    0,0  00:00     90
 15   31,5   40,0  19:50   23,8  07:33    0,0    7,5    0,0    0,0    0,0  00:00     90
 16   30,4   41,5  18:21   20,1  07:50    0,0    6,9    0,0    0,0    0,0  00:00     90
 17   31,0   41,4  17:39   20,5  07:44    0,0    7,2    0,0    0,0    0,0  00:00     90
 18   29,8   36,0  14:31   22,4  07:53    0,0    6,6    0,0    0,0    0,0  00:00     90
 19   25,4   33,3  16:38   15,3  07:50    0,0    4,1    0,0    0,0    0,0  00:00     90
 20   23,7   29,8  19:07   17,2  07:48    0,0    3,2    0,0    0,0    0,0  00:00     90
 21   23,0   29,8  16:54   15,4  07:48    0,0    2,8    0,0    0,0    0,0  00:00     90
 22   23,9   32,3  18:56   16,6  07:40    0,0    3,3    0,0    0,0    0,0  00:00     90
 23   25,9   34,5  16:44   17,9  07:38    0,0    4,4    0,0    0,0    0,0  00:00     90
 24   26,2   34,7  18:56   16,5  07:30    0,0    4,6    0,0    0,0    0,0  00:00     90
 25   26,5   35,5  16:35   20,7  02:08    0,0    4,7    0,0    0,0    0,0  00:00     90
 26   28,6   35,5  14:52   21,0  07:59    0,0    5,9    0,0    0,0    0,0  00:00     90
 27   27,7   33,6  16:06   21,0  07:29    0,0    5,4    0,0    0,0    0,0  00:00     90
 28   22,8   28,1  16:40   15,5  07:37    0,0    2,7    0,0    0,0    0,0  00:00     90
 29   22,2   28,6  17:19   17,0  03:20    0,0    2,3    0,0    0,0    0,0  00:00     90
 30   24,8   32,6  17:29   16,9  07:20    0,0    3,8    0,0    0,0    0,0  00:00     90
 31   23,0   28,7  16:15   14,0  07:44    0,0    2,8    0,0    0,0    0,0  00:00     90
---------------------------------------------------------------------------------------
      27,9   41,5     16   14,0     31    0,0  169,8    0,0    0,0    0,0     01     90
    
