                   MONTHLY CLIMATOLOGICAL SUMMARY for oct 2018


NAME: El Campillo (Rivas-Vaciamadrid)                  
ELEV: 539 metros    LAT: 39-11.40 N    LONG: 003-18.00 W


                   TEMPERATURE (C), RAIN (mm), WIND SPEED (m/s)

                                         HEAT   COOL         AVG
      MEAN                               DEG    DEG          WIND                   DOM
DAY   TEMP   HIGH   TIME    LOW   TIME   DAYS   DAYS   RAIN  SPEED   HIGH   TIME    DIR
---------------------------------------------------------------------------------------
 01   19,7   25,8  17:20   13,6  08:04    0,0    1,0    0,0    0,8    8,0  15:26     66
 02   17,4   26,8  18:29    6,8  07:28    0,3    0,0    0,0    0,6    9,8  12:28     63
 03   19,8   28,4  18:33   11,8  08:10    0,0    1,0    0,0    0,5    9,4  01:09     68
 04   18,6   28,8  17:40    9,2  08:22    0,0    0,4    0,0    0,1    3,6  15:25    196
 05   19,1   28,3  17:31   10,4  08:18    0,0    0,6    0,0    0,2    4,0  16:30    165
 06   18,8   28,4  16:04    9,2  07:19    0,0    0,4    0,0    0,3    6,7  16:22    228
 07   15,8   20,3  17:23   11,6  08:27    1,2    0,0    0,0    1,0    8,5  12:43     66
 08   13,6   19,1  17:44    5,7  07:58    2,5    0,0    0,0    0,6    6,3  16:07     64
 09   14,0   19,3  15:36    9,7  08:32    2,2    0,0    0,0    1,0    8,0  16:07     62
 10   15,8   21,8  18:09   11,9  03:19    1,2    0,0    1,2    0,2    4,5  00:00     67
 11   17,5   22,7  17:52   13,4  04:36    0,3    0,0    0,6    0,4    7,6  18:24    205
 12   18,6   22,9  17:07   15,3  23:55    0,0    0,3    0,2    0,1    4,9  14:00    260
 13   18,8   27,7  18:26   12,4  08:31    0,0    0,5    0,0    0,1    4,9  15:52    223
 14   15,6   20,1  00:43   10,8  23:57    1,3    0,0    4,0    0,6    8,5  11:40    225
 15   11,2   15,4  14:51    7,0  08:15    3,8    0,0    0,2    0,2    5,8  15:40    218
 16   14,8   22,4  17:33    9,4  08:38    1,8    0,0    0,0    0,0    4,5  10:55    148
 17   14,8   22,7  16:41    7,6  07:57    1,8    0,0    0,0    0,1    4,0  16:22    215
 18   16,0   20,5  14:20   12,7  00:40    1,1    0,0    3,6    0,8    7,6  17:01     66
 19   14,9   18,9  12:41   12,8  07:27    1,7    0,0    6,0    0,3    5,4  15:00     66
 20   16,4   20,9  15:37   13,4  07:19    0,9    0,0    1,2    0,7    8,0  13:13     67
 21   16,6   21,2  18:03   13,5  23:56    0,8    0,0    0,8    0,2    4,9  15:54     68
 22   16,2   23,4  15:44    9,4  08:23    1,0    0,0    0,2    0,1    4,5  16:43     66
 23   15,7   23,1  17:28   10,4  08:22    1,3    0,0    0,0    0,0    4,5  01:17     68
 24   14,7   24,4  16:46    7,3  08:12    1,8    0,0    0,0    0,0    2,2  15:06     90
 25   14,0   24,6  17:12    6,2  08:46    2,2    0,0    0,0    0,0    3,6  16:50    225
 26   12,3   16,6  15:49    7,7  08:25    3,1    0,0    0,6    0,0    3,1  17:10    292
 27    9,9   14,1  12:26    4,8  23:59    4,5    0,0    7,8    0,4    8,0  13:44     66
 28    6,4   11,3  13:48    2,8  03:00    6,5    0,0    0,0    0,3    8,5  13:02    315
 29    7,1   11,7  15:34    1,2  03:11    6,0    0,0    0,0    0,7    9,8  14:10    277
 30    7,7    9,3  18:21    5,1  04:50    5,7    0,0    6,4    0,6    7,2  15:46     90
 31    8,3   12,2  16:58    5,8  23:59    5,4    0,0    1,8    0,2    8,5  16:40    227
---------------------------------------------------------------------------------------
      14,9   28,8     04    1,2     29   58,4    4,2   34,6    0,4    9,8     02     69
    

