                   MONTHLY CLIMATOLOGICAL SUMMARY for mar 2026


NAME: El Campillo (Rivas-Vaciamadrid)                  
ELEV: 539 metros    LAT: 39-11.40 N    LONG: 003-18.00 W


                   TEMPERATURE (C), RAIN (mm), WIND SPEED (m/s)

                                         HEAT   COOL         AVG
      MEAN                               DEG    DEG          WIND                   DOM
DAY   TEMP   HIGH   TIME    LOW   TIME   DAYS   DAYS   RAIN  SPEED   HIGH   TIME    DIR
---------------------------------------------------------------------------------------
 01   10,4   14,8  17:26    6,7  06:48    4,2    0,0    0,0    0,0    0,0  00:00     90
 02   10,4   17,2  16:32    4,8  08:37    4,2    0,0    0,0    0,0    0,0  00:00     90
 03   12,7   17,3  14:35    8,9  23:55    2,9    0,0    0,0    0,0    0,0  00:00     90
 04   11,0   17,0  14:08    4,8  07:59    3,9    0,0    0,0    0,0    0,0  00:00     90
 05   11,9   17,9  15:57    8,2  07:27    3,4    0,0   18,0    0,0    0,0  00:00     90
 06    9,4   11,2  16:30    8,3  07:59    4,8    0,0    5,6    0,0    0,0  00:00     90
 07    8,9   12,9  16:12    7,4  04:17    5,0    0,0    2,8    0,0    0,0  00:00     90
 08    9,6   15,2  17:09    7,0  23:59    4,7    0,0    0,0    0,0    0,0  00:00     90
 09    7,1   12,5  15:45    3,6  04:43    6,1    0,0   14,6    0,0    0,0  00:00     90
 10    7,2   13,2  17:11    3,4  03:13    6,0    0,0    1,8    0,0    0,0  00:00     90
 11    9,7   16,5  15:47    4,7  06:24    4,6    0,0    0,2    0,0    0,0  00:00     90
 12   10,5   18,9  16:19    3,3  05:48    4,2    0,0    0,2    0,0    0,0  00:00     90
 13   11,2   19,6  16:41    3,4  07:06    3,8    0,0    0,0    0,0    0,0  00:00     90
 14   11,4   15,7  16:42    8,8  03:24    3,7    0,0    0,0    0,0    0,0  00:00     90
 15   10,8   15,9  17:05    6,7  05:57    4,0    0,0    0,0    0,0    0,0  00:00     90
 16   10,9   21,2  17:17    1,3  07:09    3,9    0,0    0,0    0,0    0,0  00:00     90
 17   12,6   24,5  16:58    2,4  07:08    3,0    0,0    0,0    0,0    0,0  00:00     90
 18   11,5   19,6  15:13    3,9  06:09    3,6    0,0    0,0    0,0    0,0  00:00     90
 19   11,4   18,2  15:21    5,2  02:55    3,7    0,0    0,0    0,0    0,0  00:00     90
 20    9,4   11,6  15:27    7,1  05:12    4,8    0,0    2,8    0,0    0,0  00:00     90
 21    9,3   13,4  17:11    5,9  23:58    4,8    0,0    1,8    0,0    0,0  00:00     90
 22   10,2   19,8  16:27    1,8  06:49    4,3    0,0    0,2    0,0    0,0  00:00     90
 23   11,7   18,0  17:17    5,0  07:13    3,5    0,0    0,0    0,0    0,0  00:00     90
 24   11,2   19,6  16:09    2,6  06:41    3,8    0,0    0,0    0,0    0,0  00:00     90
 25   12,8   22,8  17:07    2,9  06:00    2,9    0,0    0,0    0,0    0,0  00:00     90
 26   10,3   16,6  15:40    4,9  05:20    4,3    0,0    0,0    0,0    0,0  00:00     90
 27   10,6   18,2  16:08    2,7  06:07    4,1    0,0    0,0    0,0    0,0  00:00     90
 28   11,1   18,2  14:41    3,6  06:40    3,8    0,0    0,0    0,0    0,0  00:00     90
 29    8,4   14,7  15:24    2,6  05:37    5,3    0,0    0,0    0,0    0,0  00:00     90
 30   10,1   19,8  18:31    0,4  07:17    4,4    0,0    0,0    0,0    0,0  00:00     90
 31   14,4   21,3  15:51    9,6  08:04    2,0    0,0    0,0    0,0    0,0  00:00     90
---------------------------------------------------------------------------------------
      10,6   24,5     17    0,4     30  127,7    0,0   48,0    0,0    0,0     01     90
    
