                   MONTHLY CLIMATOLOGICAL SUMMARY for may 2019


NAME: El Campillo (Rivas-Vaciamadrid)                  
ELEV: 539 metros    LAT: 39-11.40 N    LONG: 003-18.00 W


                   TEMPERATURE (C), RAIN (mm), WIND SPEED (m/s)

                                         HEAT   COOL         AVG
      MEAN                               DEG    DEG          WIND                   DOM
DAY   TEMP   HIGH   TIME    LOW   TIME   DAYS   DAYS   RAIN  SPEED   HIGH   TIME    DIR
---------------------------------------------------------------------------------------
 01   19,2   27,3  15:12   11,1  07:28    0,0    0,7    0,0    0,0    5,4  18:41    281
 02   19,2   26,6  16:06   12,2  07:18    0,0    0,7    0,0    0,1    6,3  21:43     66
 03   16,2   21,6  13:24   10,6  07:22    1,0    0,0    0,0    0,8    9,4  16:31     68
 04   14,6   24,2  18:50    5,0  07:21    1,9    0,0    0,0    0,1    4,9  00:52     68
 05   15,7   23,1  20:07    7,8  07:23    1,3    0,0    0,0    0,0    4,5  02:12     68
 06   17,4   26,5  17:53    5,7  06:56    0,3    0,0    0,0    0,1    6,3  14:40    229
 07   17,8   24,6  18:01    9,9  07:04    0,1    0,0    0,0    0,4    9,8  16:25    229
 08   16,8   20,0  18:14   14,8  06:59    0,7    0,0    0,0    0,8   11,2  16:18    226
 09   16,9   23,7  16:28   10,2  06:16    0,6    0,0    0,0    0,5    9,8  18:50    230
 10   19,3   25,7  17:38   14,7  06:38    0,0    0,7    0,0    0,4    8,5  17:10    229
 11   19,6   27,5  16:32   10,1  07:03    0,0    0,9    0,0    0,2    5,8  23:47     66
 12   18,7   27,8  18:10    8,2  07:26    0,0    0,4    0,0    0,4    6,3  14:02     65
 13   21,2   30,9  18:00    9,7  07:29    0,0    1,8    0,0    0,4    6,3  16:00     56
 14   21,1   31,3  20:11   10,8  07:03    0,0    1,7    0,0    0,1    5,8  00:31     66
 15   22,3   32,6  19:11    9,3  07:04    0,0    2,4    0,0    0,1    4,5  19:14     68
 16   21,6   30,7  16:56   11,8  07:14    0,0    2,0    0,0    0,6   13,0  23:40    252
 17   14,0   18,9  17:14   10,4  07:30    2,2    0,0    0,0    0,8   10,7  00:03    279
 18   14,0   19,0  14:50    9,4  03:36    2,2    0,0    0,0    0,2    6,7  20:00    291
 19   15,3   21,5  18:56    7,1  07:07    1,5    0,0    0,0    0,1    4,9  18:01     65
 20   15,9   23,2  15:21    7,6  06:43    1,2    0,0    0,0    0,0    4,0  14:33     18
 21   18,8   26,6  16:04   12,1  01:55    0,0    0,4    0,0    0,1    4,5  18:00     57
 22   20,9   29,2  19:37   11,8  07:18    0,0    1,6    0,0    0,1    4,5  14:58    235
 23   21,2   29,3  17:59   11,8  06:53    0,0    1,8    0,0    0,2    8,0  16:00    240
 24   19,5   23,7  17:48   15,6  23:58    0,0    0,8    0,0    1,1   11,2  16:05     68
 25   17,6   24,5  17:29    9,6  06:19    0,2    0,0    0,0    1,0    9,4  11:41     67
 26   18,9   27,8  18:26    9,3  06:39    0,0    0,5    0,0    0,2    5,8  17:30     32
 27   21,0   28,9  18:21   11,5  07:12    0,0    1,6    0,0    0,2    5,4  15:42     61
 28   19,6   26,8  18:31   12,4  07:08    0,0    0,9    0,0    0,5    6,3  19:50     60
 29   18,6   28,0  19:49   10,1  06:06    0,0    0,4    0,0    1,0    8,9  09:29     67
 30   22,3   31,5  18:26   12,4  07:20    0,0    2,4    0,0    0,6    5,8  09:44     64
 31   24,5   33,1  19:26   14,3  06:47    0,0    3,6    0,0    0,1    4,5  02:14     51
---------------------------------------------------------------------------------------
      18,7   33,1     31    5,0     04   13,3   25,3    0,0    0,4   13,0     16     66
    
