                   MONTHLY CLIMATOLOGICAL SUMMARY for jun 2025


NAME: El Campillo (Rivas-Vaciamadrid)                  
ELEV: 539 metros    LAT: 39-11.40 N    LONG: 003-18.00 W


                   TEMPERATURE (C), RAIN (mm), WIND SPEED (m/s)

                                         HEAT   COOL         AVG
      MEAN                               DEG    DEG          WIND                   DOM
DAY   TEMP   HIGH   TIME    LOW   TIME   DAYS   DAYS   RAIN  SPEED   HIGH   TIME    DIR
---------------------------------------------------------------------------------------
 01
 02
 03
 04
 05
 06
 07
 08
 09
 10
 11
 12
 13
 14   31,7   38,4  16:40   26,0  00:00    0,0    7,6    0,0    0,0    0,0  15:00     90
 15   29,4   37,7  13:40   19,9  04:50    0,0    6,3    0,4    0,0    0,0  00:10     90
 16   29,3   37,0  15:40   20,7  04:30    0,0    6,3    0,0    0,0    0,0  00:10     90
 17   30,6   37,2  14:40   22,6  04:30    0,0    7,0    0,0    0,0    0,0  00:10     90
 18   28,8   36,7  13:00   20,3  23:40    0,0    6,0    0,0    0,0    0,0  00:10     90
 19   24,0   30,3  14:50   18,1  03:50    0,0    3,3    0,0    0,0    0,0  00:10     90
 20   25,0   34,4  18:00   14,9  03:30    0,0    3,9    0,0    0,0    0,0  00:10     90
 21   27,6   37,5  16:40   16,9  03:40    0,0    5,3    0,0    0,0    0,0  00:10     90
 22   29,9   38,9  12:40   19,9  00:30    0,0    6,6    0,0    0,0    0,0  00:10     90
 23   31,5   39,3  14:00   21,1  04:30    0,0    7,5    0,0    0,0    0,0  00:10     90
 24   30,6   39,4  13:20   24,7  03:40    0,0    7,0    0,0    0,0    0,0  00:10     90
 25   30,3   38,6  14:40   21,6  04:30    0,0    6,8    0,0    0,0    0,0  00:10     90
 26   29,9   38,8  14:40   19,3  21:00    0,0    6,6   23,0    0,0    0,0  00:10     90
 27   29,0   37,6  15:20   21,2  22:50    0,0    6,1    1,4    0,0    0,0  00:10     90
 28   28,8   38,1  16:50   19,6  04:50    0,0    6,0    0,0    0,0    0,0  00:10     90
 29   26,8   35,7  15:40   19,3  04:10    0,0    4,9    0,0    0,0    0,0  00:10     90
 30   27,9   35,6  14:10   17,3  04:20    0,0    5,5    0,0    0,0    0,0  00:10     90
---------------------------------------------------------------------------------------
      28,8   39,4     24   14,9     20    0,0  102,8   24,8    0,0    0,0     14     90
    
