                     CLIMATOLOGICAL SUMMARY for year 2023


NAME: El Campillo (Rivas-Vaciamadrid)                  
ELEV: 539 metros    LAT: 39-11.40 N    LONG: 003-18.00 W


                                       TEMPERATURE (C)

                              HEAT    COOL                              MAX    MAX    MIN    MIN
          MEAN   MEAN         DEG     DEG                                >=     <=     <=     <=
 YR  MO   MAX    MIN    MEAN  DAYS    DAYS      HI  DAY     LOW  DAY     30      0      0    -20
------------------------------------------------------------------------------------------------
2023 01   11,0    0,2    5,3  219,5    0,0    15,1   01    -5,8   31      0      0     17      0
2023 02   13,6   -0,6    6,1  185,2    0,0    20,4   20    -5,2   28      0      0     17      0
2023 03   19,3    4,8   11,7  107,8    0,0    27,2   29    -6,1   02      0      0      5      0
2023 04   25,0    8,4   17,4   25,9   14,2    33,6   28     3,6   05      3      0      0      0
2023 05   24,7   10,7   17,5   23,1   15,2    31,3   03     6,1   13      2      0      0      0
2023 06   30,5   16,4   23,2    0,4   87,6    38,5   25    12,4   01     15      0      0      0
2023 07   36,0   18,8   27,9    0,0  170,4    40,8   17    15,2   25     31      0      0      0
2023 08   36,1   18,8   27,7    0,0  167,1    41,2   21    11,4   28     26      0      0      0
2023 09   27,3   14,5   20,3    4,4   42,5    33,1   01     7,7   23     10      0      0      0
2023 10   24,0   11,1   16,9   37,0   17,8    33,2   05     5,8   31      9      0      0      0
2023 11   16,1    6,1   10,4  126,8    0,0    20,4   19    -1,3   24      0      0      2      0
2023 12   11,8    0,8    5,5  215,6    0,0    15,7   22    -3,7   26      0      0     15      0
------------------------------------------------------------------------------------------------
          23,0    9,2   15,9  945,7  514,7    41,2  ago    -6,1  mar     96      0     56      0


                  PRECIPITATION (mm)

                  MAX         ---DAYS OF RAIN---
                  OBS.               OVER
 YR  MO  TOTAL    DAY  DATE   0.30   3.00  30.00
------------------------------------------------
2023 01    6,2    4,2    08      2      1      0
2023 02    4,0    1,6    07      3      0      0
2023 03   16,0   12,8    09      4      1      0
2023 04    6,2    2,6    22      4      0      0
2023 05   60,2   18,8    29      6      5      0
2023 06   57,8   14,4    19     10      7      0
2023 07    0,0    0,0    01      0      0      0
2023 08    0,0    0,0    01      0      0      0
2023 09  144,0   34,2    03      9      8      2
2023 10  160,4   93,6    19     13      7      2
2023 11   68,0   39,2    30     10      2      1
2023 12   37,8   14,4    07      8      3      0
------------------------------------------------
         560,6   93,6   oct     69     34      5


           WIND SPEED (m/s)

                                DOM
 YR  MO    AVG     HI   DATE    DIR
-----------------------------------
2023 01    0,2   16,5     17    262 
2023 02    0,0   13,0     06     68 
2023 03    0,0   14,8     13    261 
2023 04    0,0   11,6     01    352 
2023 05    0,0    0,0     01     90 
2023 06    0,0    0,0     01     90 
2023 07    0,0    0,0     01     90 
2023 08    0,0    0,0     01     90 
2023 09    0,0    0,0     01     90 
2023 10    0,0    0,0     01     90 
2023 11    0,0    0,0     01     90 
2023 12    0,0    0,0     01     90 
-----------------------------------
           0,0   16,5    ene    265
