                   MONTHLY CLIMATOLOGICAL SUMMARY for feb 2021


NAME: El Campillo (Rivas-Vaciamadrid)                  
ELEV: 539 metros    LAT: 39-11.40 N    LONG: 003-18.00 W


                   TEMPERATURE (C), RAIN (mm), WIND SPEED (m/s)

                                         HEAT   COOL         AVG
      MEAN                               DEG    DEG          WIND                   DOM
DAY   TEMP   HIGH   TIME    LOW   TIME   DAYS   DAYS   RAIN  SPEED   HIGH   TIME    DIR
---------------------------------------------------------------------------------------
 01   11,2   16,5  13:39    7,9  08:24    3,8    0,0    0,0    0,7   10,3  12:17    252
 02   10,5   13,7  17:00    7,6  02:33    4,1    0,0    0,0    0,2    5,8  00:04    226
 03   10,5   13,7  14:36    7,9  01:09    4,2    0,0    0,0    0,0    0,0  00:00     90
 04   11,1   14,5  16:51    9,2  09:52    3,9    0,0    0,0    0,0    4,5  11:29     90
 05   11,6   16,6  16:41    7,9  07:30    3,6    0,0    3,6    0,0    7,2  11:36    329
 06    8,8   11,9  14:52    6,3  23:20    5,1    0,0    5,0    0,1    4,9  15:39    302
 07    7,4   11,6  13:40    4,4  08:14    5,9    0,0    1,0    0,3    7,6  20:10    240
 08    8,1   11,6  14:15    6,2  00:00    5,5    0,0    5,4    0,5   11,2  13:35    248
 09    7,8   10,2  11:30    5,6  15:27    5,6    0,0    7,8    0,9   11,6  15:05    236
 10    9,6   14,4  14:50    6,8  06:18    4,6    0,0    2,4    0,7   10,3  01:40    258
 11   10,0   13,6  13:59    7,2  05:31    4,4    0,0    0,2    0,0    0,4  14:29     90
 12   11,1   15,4  16:01    7,2  23:45    3,9    0,0    0,6    0,1    8,9  16:37    269
 13    9,1   17,1  16:34    3,9  06:46    4,9    0,0    0,0    0,0    0,4  12:40     90
 14    8,7   16,8  16:02    0,7  08:02    5,1    0,0    0,0    0,0    3,6  23:28     90
 15   10,0   15,9  15:17    5,0  07:22    4,4    0,0    0,0    0,0    0,0  00:00     90
 16    9,0   15,7  17:00    2,2  07:20    5,0    0,0    0,0    0,0    0,4  15:14     90
 17    9,4   18,2  17:11    2,8  08:00    4,8    0,0    0,0    0,0    0,0  00:00     90
 18    8,7   17,2  15:49    1,8  07:17    5,2    0,0    0,2    0,0    4,0  16:41     90
 19    9,6   19,8  16:41    1,8  08:08    4,7    0,0    0,0    0,0    0,9  17:26     90
 20   11,1   19,3  16:05    3,6  06:03    3,8    0,0    0,0    0,0    6,3  23:17    107
 21   10,1   12,7  15:48    5,8  23:59    4,4    0,0    6,2    0,1    7,6  14:35     90
 22    8,1   12,8  17:25    5,6  00:25    5,5    0,0    0,4    0,0    0,4  01:04     90
 23    7,9   15,4  16:46    1,6  05:19    5,6    0,0    0,0    0,0    0,0  00:00     90
 24    9,2   15,6  16:06    2,8  08:04    4,9    0,0    0,0    0,0    5,8  17:23     90
 25   10,4   14,6  16:14    5,6  07:51    4,2    0,0    0,0    0,0    0,4  23:55     90
 26   11,0   17,2  17:10    5,2  07:57    3,9    0,0    3,0    0,1    4,5  16:43     64
 27   10,6   20,3  16:41    3,1  07:50    4,1    0,0    0,0    0,0    3,6  14:13    202
 28    9,4   14,9  15:36    3,8  05:50    4,8    0,0    0,0    1,5    8,9  21:47     85
---------------------------------------------------------------------------------------
       9,6   20,3     27    0,7     14  129,9    0,0   35,8    0,2   11,6     09    231
    
