                   MONTHLY CLIMATOLOGICAL SUMMARY for sep 2025


NAME: El Campillo (Rivas-Vaciamadrid)                  
ELEV: 539 metros    LAT: 39-11.40 N    LONG: 003-18.00 W


                   TEMPERATURE (C), RAIN (mm), WIND SPEED (m/s)

                                         HEAT   COOL         AVG
      MEAN                               DEG    DEG          WIND                   DOM
DAY   TEMP   HIGH   TIME    LOW   TIME   DAYS   DAYS   RAIN  SPEED   HIGH   TIME    DIR
---------------------------------------------------------------------------------------
 01   19,4   24,8  17:59   11,9  07:48    0,0    0,8    0,0    0,0    0,0  00:00     90
 02   18,9   28,1  17:42    9,8  07:53    0,0    0,5    0,0    0,0    0,0  00:00     90
 03   21,8   32,0  17:56   10,8  07:50    0,0    2,1    0,0    0,0    0,0  00:00     90
 04   24,1   30,9  17:30   16,3  07:52    0,0    3,4    0,0    0,0    0,0  00:00     90
 05   24,4   33,9  17:51   16,6  07:55    0,0    3,6    0,0    0,0    0,0  00:00     90
 06   25,8   33,4  17:56   18,8  07:48    0,0    4,3    0,0    0,0    0,0  00:00     90
 07   24,1   29,0  14:33   18,7  08:01    0,0    3,4    0,0    0,0    0,0  00:00     90
 08   23,2   30,3  16:26   16,3  07:58    0,0    2,9    0,0    0,0    0,0  00:00     90
 09   21,1   28,4  17:30   14,6  07:27    0,0    1,7    0,0    0,0    0,0  00:00     90
 10   20,2   27,7  18:08   12,5  06:02    0,0    1,2    0,0    0,0    0,0  00:00     90
 11   22,9   30,4  18:15   13,7  07:59    0,0    2,7    0,0    0,0    0,0  00:00     90
 12   22,9   31,8  17:05   13,8  08:01    0,0    2,7    0,0    0,0    0,0  00:00     90
 13   22,7   30,9  17:17   13,8  07:57    0,0    2,6    0,0    0,0    0,0  00:00     90
 14   22,0   32,1  18:38   12,1  07:36    0,0    2,2    0,0    0,0    0,0  00:00     90
 15   23,3   34,2  18:09   14,4  05:39    0,0    2,9    0,0    0,0    0,0  00:00     90
 16   24,2   35,3  17:31   14,5  08:08    0,0    3,5    0,0    0,0    0,0  00:00     90
 17   24,9   35,8  17:44   14,9  08:03    0,0    3,8    0,0    0,0    0,0  00:00     90
 18   25,3   37,1  17:23   15,5  07:45    0,0    4,0    0,0    0,0    0,0  00:00     90
 19   27,1   35,2  16:47   20,3  08:10    0,0    5,1    0,0    0,0    0,0  00:00     90
 20   24,7   32,7  17:30   16,8  07:40    0,0    3,7    0,8    0,0    0,0  00:00     90
 21   21,0   25,9  16:19   15,6  23:57    0,0    1,7    1,6    0,0    0,0  00:00     90
 22   15,8   22,2  17:55    8,8  08:04    1,2    0,0    0,0    0,0    0,0  00:03     90
 23   15,4   22,6  17:19    8,0  08:03    1,5    0,0    0,0    0,0    0,0  00:00     90
 24   14,8   21,9  17:15    7,7  07:21    1,8    0,0    0,0    0,0    0,0  00:00     90
 25   15,6   24,6  17:42    8,9  07:53    1,4    0,0    0,0    0,0    0,0  00:00     90
 26   16,2   27,1  17:22    6,2  06:49    1,0    0,0    0,0    0,0    0,0  00:00     90
 27   17,2   26,9  14:53    6,9  06:45    0,5    0,0    0,0    0,0    0,0  00:00     90
 28   18,8   22,7  13:05   14,4  05:07    0,0    0,4    0,0    0,0    0,0  00:00     90
 29   18,9   23,6  17:13   15,8  05:26    0,0    0,5    0,4    0,0    0,0  00:00     90
 30   18,8   23,6  14:44   14,8  03:13    0,0    0,4    0,0    0,0    0,0  00:00     90
---------------------------------------------------------------------------------------
      21,2   37,1     18    6,2     26    7,3   60,2    2,8    0,0    0,0     01     90
    
