                   MONTHLY CLIMATOLOGICAL SUMMARY for ago 2024


NAME: El Campillo (Rivas-Vaciamadrid)                  
ELEV: 539 metros    LAT: 39-11.40 N    LONG: 003-18.00 W


                   TEMPERATURE (C), RAIN (mm), WIND SPEED (m/s)

                                         HEAT   COOL         AVG
      MEAN                               DEG    DEG          WIND                   DOM
DAY   TEMP   HIGH   TIME    LOW   TIME   DAYS   DAYS   RAIN  SPEED   HIGH   TIME    DIR
---------------------------------------------------------------------------------------
 01   29,5   38,7  18:09   17,4  07:34    0,0    6,4    0,0    0,0    0,0  00:10     90
 02   28,6   35,6  20:02   20,2  07:38    0,0    5,9    0,0    0,0    0,0  00:03     90
 03   29,2   37,4  19:03   20,1  07:27    0,0    6,2    0,0    0,0    0,0  00:00     90
 04   30,4   38,8  18:44   22,2  07:41    0,0    6,9    0,0    0,0    0,0  00:00     90
 05   30,6   39,4  17:47   20,6  07:35    0,0    7,0    0,0    0,0    0,0  00:00     90
 06   30,3   39,1  17:25   19,9  07:45    0,0    6,8    0,0    0,0    0,0  00:00     90
 07   29,9   39,2  19:46   19,9  07:41    0,0    6,6    0,0    0,0    0,0  00:00     90
 08   30,8   39,8  18:13   22,1  07:15    0,0    7,1    0,0    0,0    0,0  00:00     90
 09   31,7   40,3  16:15   23,4  07:59    0,0    7,6    0,0    0,0    0,0  00:00     90
 10   31,7   38,6  17:22   25,7  08:01    0,0    7,6    0,0    0,0    0,0  00:00     90
 11   31,8   38,8  17:54   24,7  06:35    0,0    7,6    0,0    0,0    0,0  00:00     90
 12   30,8   37,6  16:27   23,8  07:38    0,0    7,1    0,0    0,0    0,0  00:00     90
 13   27,1   32,4  14:00   20,2  07:44    0,0    5,1    0,0    0,0    0,0  00:00     90
 14   25,0   31,3  18:11   18,5  07:40    0,0    3,9    0,0    0,0    0,0  00:00     90
 15   23,5   32,4  18:49   14,3  07:41    0,0    3,1    0,0    0,0    0,0  00:00     90
 16   26,1   35,2  18:34   15,6  07:39    0,0    4,5    0,0    0,0    0,0  00:00     90
 17   27,8   36,9  18:38   16,7  07:38    0,0    5,5    0,0    0,0    0,0  00:00     90
 18   27,9   35,6  18:00   19,8  05:12    0,0    5,5    0,0    0,0    0,0  00:00     90
 19   27,4   35,9  19:15   18,9  07:16    0,0    5,2    0,0    0,0    0,0  00:00     90
 20   28,6   37,4  18:45   19,6  07:24    0,0    5,9    0,0    0,0    0,0  00:00     90
 21   28,8   37,9  17:58   20,6  07:40    0,0    6,0    0,0    0,0    0,0  00:00     90
 22   29,3   37,4  17:35   23,1  05:51    0,0    6,3    0,0    0,0    0,0  00:00     90
 23   27,9   37,8  18:38   18,0  07:03    0,0    5,5    0,0    0,0    0,0  00:00     90
 24   29,0   36,4  17:24   22,3  06:50    0,0    6,1    0,0    0,0    0,0  00:00     90
 25   27,5   36,1  18:57   19,9  07:34    0,0    5,3    0,0    0,0    0,0  00:00     90
 26   27,0   34,7  19:11   21,3  07:39    0,0    5,0    0,0    0,0    0,0  00:00     90
 27   27,6   36,2  17:55   20,1  06:47    0,0    5,3    0,0    0,0    0,0  00:00     90
 28   28,0   36,9  17:49   18,6  07:34    0,0    5,6    0,0    0,0    0,0  00:00     90
 29   24,2   29,4  14:23   18,3  07:38    0,0    3,4   25,4    0,0    0,0  00:00     90
 30   25,1   32,5  17:22   20,3  08:17    0,0    3,9    0,0    0,0    0,0  00:00     90
 31   22,3   30,3  17:59   17,7  10:26    0,0    2,4   19,2    0,0    0,0  00:00     90
---------------------------------------------------------------------------------------
      28,2   40,3     09   14,3     15    0,0  176,4   44,6    0,0    0,0     01     90
    
