                   MONTHLY CLIMATOLOGICAL SUMMARY for ene 2021


NAME: El Campillo (Rivas-Vaciamadrid)                  
ELEV: 539 metros    LAT: 39-11.40 N    LONG: 003-18.00 W


                   TEMPERATURE (C), RAIN (mm), WIND SPEED (m/s)

                                         HEAT   COOL         AVG
      MEAN                               DEG    DEG          WIND                   DOM
DAY   TEMP   HIGH   TIME    LOW   TIME   DAYS   DAYS   RAIN  SPEED   HIGH   TIME    DIR
---------------------------------------------------------------------------------------
 01    3,6    8,3  14:02    0,2  23:45    8,0    0,0    0,2    0,3   11,6  14:20    272
 02    0,7    6,9  13:44   -3,4  23:54    9,6    0,0    0,0    0,0    0,4  13:14     90
 03    0,4    8,4  14:16   -5,6  07:09    9,8    0,0    0,0    0,0    0,4  13:16     90
 04    1,2    7,3  15:37   -2,6  07:44    9,4    0,0    0,0    0,0    0,9  13:48     90
 05   -0,8    6,3  17:01   -6,0  08:31   10,5    0,0    0,0    0,0    0,0  00:00     90
 06   -0,2    7,2  15:55   -6,4  08:49   10,1    0,0    0,0    0,0    0,4  23:42     90
 07    0,0    1,4  10:59   -2,2  23:38   10,0    0,0    1,0    0,0    0,0  00:00     90
 08   -1,0    0,4  15:44   -2,7  01:14   10,6    0,0    1,8    0,0    3,6  19:13     68
 09   -0,3    1,7  23:28   -1,6  08:44   10,1    0,0    2,4    0,0    3,1  14:39     90
 10   -0,2    3,9  15:51   -3,2  20:41   10,1    0,0    6,4    0,0    0,9  05:23     90
 11   -4,5    2,6  14:38   -9,8  08:41   12,5    0,0    1,0    0,0    0,0  00:00     90
 12   -7,9   -0,4  15:48  -14,1  08:18   14,4    0,0    0,0    0,0    0,0  00:00     90
 13   -6,8    2,2  16:45  -13,6  05:21   13,8    0,0    0,2    0,0    0,0  00:00     90
 14   -5,5    2,8  16:25  -12,3  07:40   13,1    0,0    0,2    0,0    0,0  00:00     90
 15   -4,0    4,6  15:41  -10,2  08:19   12,2    0,0    0,2    0,0    0,0  00:00     90
 16   -4,6    3,4  16:39  -10,4  08:56   12,6    0,0    0,0    0,0    0,0  00:00     90
 17   -4,1    4,8  16:12  -11,3  08:00   12,3    0,0    0,0    0,0    0,0  00:00     90
 18   -1,7    7,2  16:40   -7,3  05:33   11,0    0,0    0,0    0,0    0,0  00:00     90
 19   -1,1    7,0  15:55   -7,1  06:56   10,6    0,0    0,2    0,0    0,0  00:00     90
 20    2,5    8,3  14:54   -4,2  02:23    8,6    0,0    1,4    0,0    4,5  15:10    202
 21    6,2    9,3  14:39    3,8  05:23    6,5    0,0    1,2    0,1    5,4  15:20    228
 22    7,5   10,4  05:40    3,8  23:57    5,8    0,0    3,0    1,2   17,4  07:10    265
 23    6,4   11,4  23:56    2,6  02:57    6,4    0,0    1,0    1,1   12,1  13:50    237
 24   10,0   13,1  14:46    6,5  08:10    4,4    0,0    0,0    0,3    9,4  00:00    269
 25   10,9   13,7  16:36    8,1  03:21    4,0    0,0    0,0    1,2    8,9  13:48    253
 26   11,2   15,6  13:57    7,0  03:57    3,8    0,0    0,0    0,0    4,9  13:09    252
 27   13,2   18,4  17:01   10,4  23:07    2,7    0,0    0,0    0,0    0,0  00:00     90
 28   11,3   12,9  17:43   10,2  08:02    3,7    0,0    0,0    0,0    0,0  00:00     90
 29    9,9   12,3  16:45    9,1  07:30    4,5    0,0    0,0    0,0    0,4  23:55     90
 30   10,8   13,9  13:40    9,1  09:37    4,0    0,0    3,0    0,8    9,4  13:33    249
 31   10,3   13,1  16:35    7,4  09:08    4,3    0,0    0,0    0,3    9,4  11:30    243
---------------------------------------------------------------------------------------
       2,3   18,4     27  -14,1     12  269,2    0,0   23,2    0,2   17,4     22    253
    
