                   MONTHLY CLIMATOLOGICAL SUMMARY for jun 2026


NAME: El Campillo (Rivas-Vaciamadrid)                  
ELEV: 539 metros    LAT: 39-11.40 N    LONG: 003-18.00 W


                   TEMPERATURE (C), RAIN (mm), WIND SPEED (m/s)

                                         HEAT   COOL         AVG
      MEAN                               DEG    DEG          WIND                   DOM
DAY   TEMP   HIGH   TIME    LOW   TIME   DAYS   DAYS   RAIN  SPEED   HIGH   TIME    DIR
---------------------------------------------------------------------------------------
 01   26,9   35,1  17:09   16,7  07:29    0,0    5,0    0,0    0,0    0,0  00:00     90
 02   24,8   30,8  15:03   17,9  07:05    0,0    3,8    0,0    0,0    0,0  00:00     90
 03   23,6   32,0  18:38   14,6  07:19    0,0    3,1    0,0    0,0    0,0  00:00     90
 04   23,2   28,9  15:25   16,7  05:51    0,0    2,9    0,0    0,0    0,0  00:00     90
 05   21,4   29,4  18:18   13,4  07:06    0,0    1,9    0,0    0,0    0,0  00:00     90
 06   22,3   31,9  20:56   14,2  05:49    0,0    2,4    0,0    0,0    0,0  00:00     90
 07   25,2   34,1  19:18   16,5  02:09    0,0    4,0    0,0    0,0    0,0  00:00     90
 08   26,5   34,1  19:30   17,1  07:09    0,0    4,7    0,0    0,0    0,0  00:00     90
 09   25,4   34,1  19:14   17,0  07:09    0,0    4,1    0,0    0,0    0,0  00:00     90
 10   24,2   32,4  20:17   15,3  07:16    0,0    3,4    0,0    0,0    0,0  00:00     90
 11   24,6   32,9  19:31   15,0  07:26    0,0    3,6    0,0    0,0    0,0  00:00     90
 12   26,3   34,7  19:00   17,7  07:22    0,0    4,6    0,0    0,0    0,0  00:00     90
 13   26,2   33,2  16:55   16,8  06:53    0,0    4,6    0,0    0,0    0,0  00:00     90
 14   25,8   35,2  19:00   16,8  23:20    0,0    4,3    7,4    0,0    0,0  00:10     90
 15   23,6   32,7  18:29   15,3  06:54    0,0    3,1    0,0    0,0    0,0  00:10     90
 16   26,4   34,7  17:43   19,0  05:26    0,0    4,7    0,0    0,0    0,0  00:00     90
 17   28,5   35,1  18:38   20,9  07:50    0,0    5,8    0,0    0,0    0,0  00:00     90
 18   28,6   35,4  17:50   20,7  07:30    0,0    5,9    0,0    0,0    0,0  00:10     90
 19   29,5   36,6  18:50   21,1  07:30    0,0    6,4    0,0    0,0    0,0  00:10     90
 20   30,2   36,4  15:40   23,6  07:20    0,0    6,8    0,0    0,0    0,0  00:10     90
 21   31,1   38,2  18:00   23,4  07:30    0,0    7,3    0,0    0,0    0,0  00:10     90
 22   32,0   38,7  16:30   23,3  06:30    0,0    7,8    0,0    0,0    0,0  00:10     90
 23   31,7   40,1  18:10   21,7  07:20    0,0    7,6    0,0    0,0    0,0  00:10     90
 24   31,3   37,7  17:10   22,8  07:00    0,0    7,4    0,0    0,0    0,0  00:10     90
 25   27,8   32,8  16:40   21,7  07:00    0,0    5,4    0,0    0,0    0,0  00:10     90
 26   22,9   31,4  13:50   17,4  06:30    0,0    2,7    0,0    0,0    0,0  00:10     90
 27
 28
 29   32,3   35,8  19:37   24,5  23:51    0,0    7,9    0,0    0,0    0,0  13:06     90
 30   24,9   33,1  12:22   21,4  07:11    0,0    3,8    0,0    0,0    0,0  00:00     90
---------------------------------------------------------------------------------------
      26,7   40,1     23   13,4     05    0,0  135,2    7,4    0,0    0,0     01     90
    
