                   MONTHLY CLIMATOLOGICAL SUMMARY for ene 2022


NAME: El Campillo (Rivas-Vaciamadrid)                  
ELEV: 539 metros    LAT: 39-11.40 N    LONG: 003-18.00 W


                   TEMPERATURE (C), RAIN (mm), WIND SPEED (m/s)

                                         HEAT   COOL         AVG
      MEAN                               DEG    DEG          WIND                   DOM
DAY   TEMP   HIGH   TIME    LOW   TIME   DAYS   DAYS   RAIN  SPEED   HIGH   TIME    DIR
---------------------------------------------------------------------------------------
 01    6,3   15,6  16:22   -0,2  08:23    6,5    0,0    0,2    0,0    0,0  00:00     90
 02    6,1   14,9  16:05   -0,2  08:14    6,6    0,0    0,2    0,0    0,0  00:00     90
 03    6,5   14,8  16:41    1,2  07:26    6,4    0,0    0,2    0,0    0,0  00:00     90
 04    6,2   14,5  15:10    1,3  04:27    6,6    0,0    3,6    0,1   10,3  16:46    262
 05    5,8   10,0  15:08    3,1  08:29    6,8    0,0    4,0    0,0    5,8  14:57    274
 06    3,0    7,8  16:14   -1,2  08:50    8,4    0,0    0,0    0,0    2,7  03:21     90
 07    3,5   11,7  15:58   -2,4  08:29    8,1    0,0    0,0    0,0    4,0  14:56    281
 08    1,7    7,8  17:14   -3,3  08:48    9,1    0,0    0,2    0,0    0,4  14:50     90
 09    6,7   14,5  14:41   -0,9  04:54    6,3    0,0    0,2    0,3   10,3  12:45    270
 10    9,2   16,3  15:44    4,5  08:36    4,9    0,0    0,0    0,0    4,9  15:52     58
 11    8,1   16,1  15:50    1,1  08:23    5,5    0,0    0,2    0,0    4,5  16:17     68
 12    5,7   12,8  16:24   -0,4  08:45    6,8    0,0    0,0    0,0    3,6  12:27     68
 13    3,2    9,8  14:22   -1,8  03:33    8,2    0,0    0,0    0,0    4,9  14:42     72
 14    1,8    8,7  15:38   -4,0  07:30    9,0    0,0    0,0    0,0    4,0  14:47     83
 15    1,2    9,1  16:47   -4,3  08:37    9,3    0,0    0,2    0,0    0,0  00:00     90
 16    1,0   10,0  17:04   -4,8  07:48    9,5    0,0    0,0    0,0    0,0  00:00     90
 17    2,2   11,2  17:12   -3,9  07:49    8,8    0,0    0,2    0,0    0,0  00:00     90
 18    2,3   13,8  16:37   -4,2  07:45    8,7    0,0    0,0    0,0    0,0  00:00     90
 19    2,1   13,8  17:05   -5,4  07:44    8,8    0,0    0,2    0,0    0,0  00:00     90
 20    4,0   13,2  15:52   -3,9  06:29    7,8    0,0    0,0    0,3    7,6  14:06     68
 21    3,6    9,8  16:55   -3,0  06:56    8,0    0,0    0,0    0,1    6,3  15:09     62
 22    3,8   10,8  17:04   -1,7  08:06    7,9    0,0    0,0    0,0    2,2  03:20     90
 23    4,1   11,7  16:20   -0,9  05:15    7,7    0,0    0,0    0,0    1,8  06:16     90
 24    5,3    9,4  17:00    1,1  02:52    7,1    0,0    0,0    0,0    0,0  00:00     90
 25    7,4   11,4  17:03    2,3  23:26    5,9    0,0    0,0    0,0    0,0  00:00     90
 26    4,7   11,5  16:35   -0,3  07:39    7,4    0,0    0,0    0,0    4,0  03:35     38
 27    5,0   14,8  16:54   -0,9  03:47    7,2    0,0    0,0    0,0    0,0  00:00     90
 28    4,3   16,6  16:57   -3,1  05:14    7,6    0,0    0,0    0,0    0,0  00:00     90
 29    4,3   17,1  16:34   -4,9  08:07    7,6    0,0    0,0    0,0    0,0  00:00     90
 30    4,5   18,2  16:11   -4,6  07:31    7,5    0,0    0,0    0,0    0,0  00:00     90
 31    5,3   17,3  17:10   -4,1  08:05    7,1    0,0    0,0    0,1    6,7  20:08     68
---------------------------------------------------------------------------------------
       4,5   18,2     30   -5,4     19  232,9    0,0    9,4    0,0   10,3     04     18
    
