                   MONTHLY CLIMATOLOGICAL SUMMARY for nov 2021


NAME: El Campillo (Rivas-Vaciamadrid)                  
ELEV: 539 metros    LAT: 39-11.40 N    LONG: 003-18.00 W


                   TEMPERATURE (C), RAIN (mm), WIND SPEED (m/s)

                                         HEAT   COOL         AVG
      MEAN                               DEG    DEG          WIND                   DOM
DAY   TEMP   HIGH   TIME    LOW   TIME   DAYS   DAYS   RAIN  SPEED   HIGH   TIME    DIR
---------------------------------------------------------------------------------------
 01   14,5   18,7  15:30    9,5  23:57    1,9    0,0   16,6    0,1    6,7  12:03    270
 02   10,1   14,1  13:02    6,7  08:02    4,4    0,0    4,0    0,1    6,7  16:14    220
 03    9,3   13,0  13:05    5,3  07:56    4,9    0,0    3,8    0,1    7,2  16:03    278
 04    7,1   12,7  13:23    1,9  07:44    6,1    0,0    0,0    0,0    4,5  16:15    287
 05    8,2   12,6  13:29    4,5  00:05    5,5    0,0    0,0    0,4    7,2  20:10    309
 06    7,7   14,4  16:37    2,2  02:42    5,7    0,0    0,0    0,2    7,2  11:53     68
 07    6,2   14,4  16:25   -0,7  07:58    6,6    0,0    0,0    0,0    2,7  12:37     90
 08    9,2   19,0  15:27    0,7  07:18    4,9    0,0    0,0    0,1    5,8  14:45    283
 09    8,6   17,7  15:22    1,1  06:16    5,2    0,0    0,0    0,0    4,5  15:09     68
 10    7,6   16,3  16:16    0,4  06:06    5,8    0,0    0,0    0,0    2,7  15:45     90
 11    6,8   15,9  16:20    0,2  06:40    6,2    0,0    0,0    0,0    0,0  00:00     90
 12    8,6   18,4  16:06    1,3  07:17    5,2    0,0    0,2    0,0    0,0  00:00     90
 13    8,9   17,4  16:17    1,6  06:31    5,1    0,0    0,0    0,0    1,8  14:46     90
 14    9,4   17,6  16:08    1,4  08:12    4,8    0,0    0,0    0,1    4,9  19:22     68
 15   10,5   16,2  15:53    5,4  23:55    4,2    0,0    0,0    0,1    6,3  12:44    301
 16    7,1   14,6  16:08    0,3  06:14    6,0    0,0    0,0    0,0    3,6  12:55    301
 17    8,9   15,5  16:37    2,8  07:42    5,1    0,0    0,0    0,2    6,3  12:19     66
 18    8,0   14,4  15:29    3,1  07:51    5,5    0,0    0,0    0,1    4,9  00:21     62
 19   10,3   16,1  15:40    5,8  06:34    4,3    0,0    0,0    0,5    6,3  14:45     72
 20   10,2   12,7  16:46    7,6  01:51    4,3    0,0    0,0    0,0    4,0  06:00     52
 21   10,2   14,7  16:28    7,3  21:47    4,3    0,0    0,0    0,0    0,4  16:25     90
 22    7,3   11,4  13:46    4,5  21:41    6,0    0,0    4,4    0,0    4,0  13:49     90
 23    4,6    6,0  12:18    2,7  05:11    7,5    0,0    1,2    0,0    0,0  00:00     90
 24    4,4    8,4  15:03    1,1  23:52    7,6    0,0    0,2    0,0    4,0  13:56    234
 25    5,2   10,2  13:53    0,6  00:56    7,1    0,0    0,0    0,0    2,2  20:30     90
 26    4,5   11,4  14:56    0,7  23:13    7,5    0,0    0,0    0,0    4,0  15:45     46
 27    3,8    8,9  11:37    0,3  23:59    7,9    0,0    0,4    0,3   10,3  12:03    296
 28    4,2    9,4  14:40   -1,7  08:22    7,7    0,0    0,0    0,4    9,4  14:20    273
 29    9,8   14,5  14:01    4,6  23:51    4,6    0,0    0,0    0,4    7,2  07:00    273
 30    5,1   13,7  16:48   -0,6  06:58    7,1    0,0    0,0    0,0    0,9  14:25     90
---------------------------------------------------------------------------------------
       7,9   19,0     08   -1,7     28  168,8    0,0   30,8    0,1   10,3     27    316
    
