                   MONTHLY CLIMATOLOGICAL SUMMARY for feb 2025


NAME: El Campillo (Rivas-Vaciamadrid)                  
ELEV: 539 metros    LAT: 39-11.40 N    LONG: 003-18.00 W


                   TEMPERATURE (C), RAIN (mm), WIND SPEED (m/s)

                                         HEAT   COOL         AVG
      MEAN                               DEG    DEG          WIND                   DOM
DAY   TEMP   HIGH   TIME    LOW   TIME   DAYS   DAYS   RAIN  SPEED   HIGH   TIME    DIR
---------------------------------------------------------------------------------------
 01    5,1   13,4  16:50   -2,1  08:20    7,1    0,0    0,0    0,0    0,0  00:10     90
 02    5,0   11,3  14:50   -2,2  08:30    7,2    0,0    0,0    0,0    0,0  00:10     90
 03    6,4   13,0  17:06    1,8  08:00    6,4    0,0    0,0    0,0    0,0  00:10     90
 04    5,0   14,6  17:25   -1,6  06:52    7,2    0,0    0,0    0,0    0,0  00:00     90
 05    5,3   15,7  16:16   -1,7  06:49    7,0    0,0    0,2    0,0    0,0  00:00     90
 06    4,6   14,6  17:11   -2,8  08:10    7,4    0,0    0,0    0,0    0,0  00:00     90
 07    3,5   10,6  13:09   -2,3  07:49    8,1    0,0    5,0    0,0    0,0  00:00     90
 08    6,8   12,2  17:24    3,1  08:45    6,2    0,0    0,0    0,0    0,0  00:00     90
 09    8,0   16,0  16:37    0,1  08:35    5,6    0,0    0,2    0,0    0,0  00:00     90
 10    9,6   15,0  15:02    4,3  09:03    4,7    0,0    0,0    0,0    0,0  00:00     90
 11   10,1   15,7  15:48    3,9  08:33    4,4    0,0    8,6    0,0    0,0  00:00     90
 12    9,8   15,1  16:47    5,3  23:58    4,6    0,0    2,8    0,0    0,0  00:00     90
 13    7,4   15,9  17:18    0,4  06:58    5,9    0,0    0,0    0,0    0,0  00:00     90
 14    8,3   17,5  17:02    1,6  07:55    5,4    0,0    0,2    0,0    0,0  00:00     90
 15    8,5   17,2  14:52    1,6  08:05    5,3    0,0    0,0    0,0    0,0  00:00     90
 16    9,7   19,1  16:28    1,3  08:17    4,6    0,0    0,2    0,0    0,0  00:00     90
 17    9,1   16,3  16:39    3,1  08:27    4,9    0,0    0,0    0,0    0,0  00:00     90
 18   11,3   19,2  16:34    5,6  07:20    3,7    0,0    0,0    0,0    0,0  00:00     90
 19   11,6   17,7  15:01    6,9  07:21    3,6    0,0    0,0    0,0    0,0  00:00     90
 20   10,8   18,7  16:29    3,6  08:27    4,0    0,0    0,2    0,0    0,0  00:00     90
 21   11,2   18,2  15:59    4,0  04:28    3,8    0,0    1,0    0,0    0,0  00:00     90
 22   10,1   15,6  16:26    5,6  23:59    4,4    0,0    0,0    0,0    0,0  00:00     90
 23    8,1   17,0  16:28    0,4  07:10    5,5    0,0    0,2    0,0    0,0  00:00     90
 24    8,3   16,3  16:14    2,1  06:00    5,4    0,0    0,0    0,0    0,0  00:00     90
 25   10,7   14,6  13:49    5,0  23:49    4,1    0,0    0,0    0,0    0,0  00:00     90
 26    6,6   14,4  16:39    0,0  06:01    6,3    0,0    0,0    0,0    0,0  00:00     90
 27    8,0   15,1  17:08    3,0  04:07    5,6    0,0    1,4    0,0    0,0  00:00     90
 28   11,2   16,7  15:38    4,7  08:22    3,8    0,0    1,0    0,0    0,0  00:00     90
---------------------------------------------------------------------------------------
       8,2   19,2     18   -2,8     06  152,1    0,0   21,0    0,0    0,0     01     90
    
