                   MONTHLY CLIMATOLOGICAL SUMMARY for ago 2022


NAME: El Campillo (Rivas-Vaciamadrid)                  
ELEV: 539 metros    LAT: 39-11.40 N    LONG: 003-18.00 W


                   TEMPERATURE (C), RAIN (mm), WIND SPEED (m/s)

                                         HEAT   COOL         AVG
      MEAN                               DEG    DEG          WIND                   DOM
DAY   TEMP   HIGH   TIME    LOW   TIME   DAYS   DAYS   RAIN  SPEED   HIGH   TIME    DIR
---------------------------------------------------------------------------------------
 01   31,2   39,5  17:22   23,4  07:30    0,0    7,4    0,0    0,0    4,5  16:38     90
 02   31,2   39,7  15:43   24,1  07:14    0,0    7,3    0,4    0,0    7,2  23:15     68
 03   30,4   38,7  16:48   21,7  07:52    0,0    6,9    0,4    0,2    8,5  02:06     66
 04   30,7   38,6  18:32   21,7  07:47    0,0    7,1    0,0    0,0    7,2  01:39     90
 05   30,8   37,8  19:01   23,2  07:43    0,0    7,1    0,0    0,1    8,9  01:56     85
 06   30,2   37,7  18:04   23,4  07:59    0,0    6,8    0,0    0,0    5,8  00:58     90
 07   30,1   37,2  19:34   23,4  07:42    0,0    6,7    0,0    0,0    5,8  15:55    218
 08   28,8   37,8  16:38   20,0  07:06    0,0    6,0    0,0    0,0    4,9  18:30     90
 09   30,7   39,1  18:53   22,4  07:30    0,0    7,0    0,0    0,0    4,0  18:06     90
 10   31,1   37,7  16:18   24,6  07:19    0,0    7,3    0,0    0,3    9,4  23:37     82
 11   30,6   37,2  17:44   23,8  07:56    0,0    7,0    0,0    0,3   11,2  00:53     90
 12   30,6   38,1  16:59   22,1  07:12    0,0    7,0    0,0    0,0    4,5  17:22     90
 13   25,7   29,0  11:01   21,4  23:56    0,0    4,3    0,0    0,3    9,4  11:30    156
 14   24,8   33,1  16:37   15,9  07:23    0,0    3,8    0,0    0,3    8,5  16:30    227
 15   23,7   32,3  17:56   13,3  07:34    0,0    3,2    0,0    0,1    6,3  16:56    214
 16   23,9   29,7  16:44   17,6  07:42    0,0    3,3    0,0    0,4    8,9  16:58    229
 17   21,1   28,9  16:41   13,3  07:00    0,0    1,7    0,6    0,1    7,2  18:08    324
 18   21,7   28,9  17:22   13,2  07:05    0,0    2,0    0,0    0,1    5,8  15:57     55
 19   23,7   33,1  18:35   15,2  07:10    0,0    3,2    0,0    0,1    4,9  00:08     68
 20   25,8   35,9  18:26   15,2  06:50    0,0    4,3    0,0    0,0    4,0  16:01    222
 21   27,2   37,4  18:14   15,4  07:40    0,0    5,1    0,0    0,1    6,3  15:04    246
 22   28,3   35,7  19:23   20,3  07:27    0,0    5,7    0,0    0,1    6,3  13:24     66
 23   28,7   38,0  19:11   20,9  07:38    0,0    5,9    0,0    0,1    6,7  00:14     69
 24   28,6   36,8  18:53   21,4  04:56    0,0    5,9    0,0    0,0    5,8  15:23    222
 25   27,7   35,8  16:58   19,2  07:13    0,0    5,4    0,0    0,2    9,8  20:31     69
 26   26,1   33,9  16:07   19,9  07:43    0,0    4,5    0,0    0,2    8,0  20:29     67
 27   25,6   34,1  17:27   18,5  07:33    0,0    4,2    0,0    0,0    4,0  14:02     68
 28   28,0   34,8  17:06   21,0  08:07    0,0    5,6    0,0    0,4   10,3  23:38     84
 29   28,4   34,8  17:09   22,8  06:22    0,0    5,8    0,0    0,1    8,9  00:36     99
 30   27,3   35,4  17:52   18,1  07:45    0,0    5,2    0,0    0,0    8,5  14:20    214
 31   26,4   32,7  18:21   19,2  07:51    0,0    4,7    0,0    0,0    8,5  16:00    224
---------------------------------------------------------------------------------------
      27,7   39,7     02   13,2     18    0,0  167,2    1,4    0,1   11,2     11    104
    
