                   MONTHLY CLIMATOLOGICAL SUMMARY for dic 2019


NAME: El Campillo (Rivas-Vaciamadrid)                  
ELEV: 539 metros    LAT: 39-11.40 N    LONG: 003-18.00 W


                   TEMPERATURE (C), RAIN (mm), WIND SPEED (m/s)

                                         HEAT   COOL         AVG
      MEAN                               DEG    DEG          WIND                   DOM
DAY   TEMP   HIGH   TIME    LOW   TIME   DAYS   DAYS   RAIN  SPEED   HIGH   TIME    DIR
---------------------------------------------------------------------------------------
 01    8,1    9,8  15:09    6,7  07:52    5,5    0,0    8,4    0,3    4,5  19:21     68
 02    8,2   11,9  14:36    5,7  23:59    5,4    0,0    0,6    0,7    9,4  13:34     68
 03    6,3   10,7  15:18    2,7  08:31    6,5    0,0    0,0    0,0    0,9  06:10     90
 04    7,6   11,4  15:45    4,9  02:02    5,8    0,0    4,0    0,1    4,9  06:24     69
 05    9,7   13,1  15:16    7,7  00:00    4,6    0,0    0,0    0,1    5,4  09:53     65
 06    8,7   14,3  14:11    4,3  23:26    5,2    0,0    0,0    0,0    0,4  10:11     90
 07    6,0   13,0  16:36    0,9  08:32    6,7    0,0    0,2    0,0    0,0  00:00     90
 08    4,6    6,6  23:27    1,2  02:18    7,4    0,0    2,4    0,0    0,0  00:00     90
 09    7,5   11,7  15:56    5,7  08:59    5,8    0,0    0,0    0,1    5,4  12:53    347
 10    4,0    7,2  16:17    1,7  23:57    7,8    0,0    0,0    0,3    3,6  07:31     66
 11    4,2    9,4  16:06    0,4  02:07    7,7    0,0    0,4    0,3    5,8  14:46     52
 12    6,6   10,4  23:54    2,4  07:06    6,4    0,0    0,0    1,1   10,7  21:01    243
 13   12,0   14,8  16:21    8,8  23:05    3,4    0,0    0,0    1,4   13,9  07:20    240
 14    8,9   12,8  14:10    5,8  23:38    5,0    0,0    0,2    0,2    6,3  12:24    241
 15    9,1   12,7  14:03    5,4  00:42    4,9    0,0    0,0    0,0    1,3  13:46     90
 16    9,8   14,9  15:08    5,4  05:56    4,5    0,0    0,0    0,3    7,2  15:15     90
 17    9,3   12,5  14:33    5,9  22:27    4,8    0,0    0,2    0,0    4,0  05:17     90
 18    6,8    9,8  15:29    1,8  08:28    6,2    0,0    0,2    0,0    0,4  13:09     90
 19   11,1   13,8  12:50    8,5  02:30    3,8    0,0   10,6    0,9    8,9  23:20    130
 20   12,6   13,8  23:11   11,0  19:05    3,0    0,0   32,0    2,0   13,4  08:40    246
 21   13,8   17,7  13:11   11,1  23:40    2,3    0,0    0,4    2,1   15,6  14:45    246
 22   11,4   13,9  14:51    9,1  08:33    3,7    0,0    0,0    1,4   13,0  13:49    255
 23    8,4   13,2  15:58    4,9  07:15    5,3    0,0    0,0    0,1    8,9  00:20    270
 24    7,1   14,3  15:15    2,3  07:28    6,1    0,0    0,0    0,0    0,4  10:22     90
 25    7,3   16,4  16:51    1,3  08:50    5,9    0,0    0,2    0,0    0,0  00:00     90
 26    7,6   16,7  16:53    1,9  06:06    5,8    0,0    0,2    0,0    0,4  14:37     90
 27    6,3   15,1  16:43    1,3  08:06    6,5    0,0    0,2    0,0    1,8  18:09     90
 28    4,1   13,7  15:58   -2,1  08:26    7,7    0,0    0,2    0,0    0,4  04:30     90
 29    3,6   12,9  16:08   -2,4  08:41    8,0    0,0    0,2    0,0    0,0  00:00     90
 30    3,6   12,7  16:40   -2,6  07:45    8,0    0,0    0,2    0,0    0,0  00:00     90
 31    3,6   12,4  16:52   -1,7  08:16    8,0    0,0    0,2    0,0    0,0  00:00     90
---------------------------------------------------------------------------------------
       7,7   17,7     21   -2,6     30  177,8    0,0   61,0    0,4   15,6     21    238
    
