                   MONTHLY CLIMATOLOGICAL SUMMARY for ago 2023


NAME: El Campillo (Rivas-Vaciamadrid)                  
ELEV: 539 metros    LAT: 39-11.40 N    LONG: 003-18.00 W


                   TEMPERATURE (C), RAIN (mm), WIND SPEED (m/s)

                                         HEAT   COOL         AVG
      MEAN                               DEG    DEG          WIND                   DOM
DAY   TEMP   HIGH   TIME    LOW   TIME   DAYS   DAYS   RAIN  SPEED   HIGH   TIME    DIR
---------------------------------------------------------------------------------------
 01   28,8   37,0  18:34   18,6  07:38    0,0    6,0    0,0    0,0    0,0  00:00     90
 02   28,5   36,8  17:40   18,7  07:18    0,0    5,8    0,0    0,0    0,0  00:00     90
 03   27,0   34,1  18:10   20,4  07:20    0,0    5,0    0,0    0,0    0,0  00:00     90
 04   22,4   29,6  18:23   15,6  07:33    0,0    2,4    0,0    0,0    0,0  00:00     90
 05   24,2   35,1  19:53   14,1  07:26    0,0    3,4    0,0    0,0    0,0  00:00     90
 06   27,9   36,9  18:52   19,0  07:29    0,0    5,5    0,0    0,0    0,0  00:03     90
 07   27,3   37,7  18:57   17,9  07:39    0,0    5,2    0,0    0,0    0,0  00:00     90
 08   29,9   39,5  18:26   21,5  07:32    0,0    6,6    0,0    0,0    0,0  00:00     90
 09   30,6   39,9  17:47   20,8  07:09    0,0    7,0    0,0    0,0    0,0  00:00     90
 10   31,3   39,3  18:32   23,4  07:12    0,0    7,4    0,0    0,0    0,0  00:00     90
 11   30,0   39,7  18:11   19,9  07:37    0,0    6,7    0,0    0,0    0,0  00:00     90
 12   29,8   38,5  19:11   19,6  07:33    0,0    6,5    0,0    0,0    0,0  00:00     90
 13   29,7   38,4  18:00   21,5  07:31    0,0    6,5    0,0    0,0    0,0  00:00     90
 14   28,0   36,5  17:49   18,8  07:39    0,0    5,6    0,0    0,0    0,0  00:00     90
 15   27,6   36,5  18:52   16,9  07:42    0,0    5,3    0,0    0,0    0,0  00:00     90
 16   27,5   36,4  19:15   17,1  07:43    0,0    5,3    0,0    0,0    0,0  00:00     90
 17   27,9   36,6  19:01   17,0  07:32    0,0    5,5    0,0    0,0    0,0  00:00     90
 18   27,1   35,3  16:33   17,9  07:36    0,0    5,1    0,0    0,0    0,0  00:00     90
 19   27,8   37,6  18:32   17,1  07:37    0,0    5,4    0,0    0,0    0,0  00:00     90
 20   29,4   39,8  18:32   18,1  07:33    0,0    6,3    0,0    0,0    0,0  00:00     90
 21   32,3   41,2  18:28   24,1  01:02    0,0    7,9    0,0    0,0    0,0  00:00     90
 22   32,6   40,3  17:34   23,1  07:47    0,0    8,1    0,0    0,0    0,0  00:00     90
 23   31,8   39,1  16:44   22,4  07:49    0,0    7,7    0,0    0,0    0,0  00:00     90
 24   31,8   40,3  17:38   22,8  07:29    0,0    7,7    0,0    0,0    0,0  00:00     90
 25   30,4   38,8  16:43   19,6  07:49    0,0    6,9    0,0    0,0    0,0  00:00     90
 26   27,4   33,2  17:27   22,8  23:58    0,0    5,2    0,0    0,0    0,0  00:00     90
 27   20,7   25,0  17:21   16,3  08:09    0,0    1,5    0,0    0,0    0,0  00:00     90
 28   20,9   28,9  18:27   11,4  07:47    0,0    1,6    0,0    0,0    0,0  00:00     90
 29   22,4   28,9  16:52   16,6  06:25    0,0    2,4    0,0    0,0    0,0  00:00     90
 30   22,2   29,6  18:45   14,9  07:54    0,0    2,3    0,0    0,0    0,0  00:00     90
 31   23,9   33,1  19:00   15,2  07:49    0,0    3,3    0,0    0,0    0,0  00:00     90
---------------------------------------------------------------------------------------
      27,7   41,2     21   11,4     28    0,0  167,1    0,0    0,0    0,0     01     90
    
