                   MONTHLY CLIMATOLOGICAL SUMMARY for jun 2023


NAME: El Campillo (Rivas-Vaciamadrid)                  
ELEV: 539 metros    LAT: 39-11.40 N    LONG: 003-18.00 W


                   TEMPERATURE (C), RAIN (mm), WIND SPEED (m/s)

                                         HEAT   COOL         AVG
      MEAN                               DEG    DEG          WIND                   DOM
DAY   TEMP   HIGH   TIME    LOW   TIME   DAYS   DAYS   RAIN  SPEED   HIGH   TIME    DIR
---------------------------------------------------------------------------------------
 01   17,3   24,9  13:47   12,4  07:08    0,4    0,0   11,8    0,0    0,0  00:00     90
 02   18,0   25,2  17:01   13,0  06:32    0,0    0,0    0,0    0,0    0,0  00:00     90
 03   19,3   27,3  19:22   12,5  06:20    0,0    0,7    0,8    0,0    0,0  00:00     90
 04   19,9   27,4  17:05   13,2  05:32    0,0    1,1    0,6    0,0    0,0  00:00     90
 05   20,1   29,5  15:07   14,2  07:05    0,0    1,2    7,4    0,0    0,0  00:00     90
 06   21,7   30,0  18:08   13,6  06:46    0,0    2,1    0,0    0,0    0,0  00:00     90
 07   18,9   23,1  00:24   16,3  07:43    0,0    0,5    3,8    0,0    0,0  00:00     90
 08   18,2   21,8  18:33   16,2  08:44    0,0    0,1    4,8    0,0    0,0  00:00     90
 09   19,9   25,9  19:42   14,2  07:01    0,0    1,0    0,0    0,0    0,0  00:00     90
 10   21,9   28,3  19:09   15,9  06:58    0,0    2,1    0,0    0,0    0,0  00:00     90
 11   22,6   28,7  16:54   15,8  07:21    0,0    2,6    0,0    0,0    0,0  00:00     90
 12   22,4   28,4  18:43   15,3  06:29    0,0    2,5    0,0    0,0    0,0  00:00     90
 13   20,3   26,4  16:49   14,6  07:10    0,0    1,3    8,0    0,0    0,0  00:00     90
 14   21,7   28,7  18:42   13,9  07:01    0,0    2,1    0,0    0,0    0,0  00:00     90
 15   24,3   31,9  18:16   16,6  07:06    0,0    3,5    0,0    0,0    0,0  00:00     90
 16   26,1   34,2  17:50   17,7  06:52    0,0    4,5    0,0    0,0    0,0  00:00     90
 17   26,8   35,2  14:22   17,5  06:04    0,0    4,9    0,0    0,0    0,0  00:00     90
 18   25,0   32,4  17:41   17,6  06:02    0,0    3,9    1,2    0,0    0,0  00:00     90
 19   23,2   30,8  15:59   18,6  06:56    0,0    2,9   14,4    0,0    0,0  00:00     90
 20   23,2   28,7  17:46   18,2  06:14    0,0    2,9    0,0    0,0    0,0  00:00     90
 21   21,5   29,3  15:11   15,8  07:10    0,0    1,9    4,8    0,0    0,0  00:00     90
 22   21,7   30,2  18:57   13,8  06:37    0,0    2,0    0,2    0,0    0,0  00:00     90
 23   25,6   34,0  19:19   17,8  05:21    0,0    4,2    0,0    0,0    0,0  00:00     90
 24   27,5   35,9  19:01   18,7  05:52    0,0    5,3    0,0    0,0    0,0  00:00     90
 25   29,0   38,5  17:59   18,6  07:20    0,0    6,1    0,0    0,0    0,0  00:00     90
 26   30,3   38,5  17:48   21,8  06:49    0,0    6,8    0,0    0,0    0,0  00:00     90
 27   29,4   36,9  15:56   21,9  06:41    0,0    6,3    0,0    0,0    0,0  00:00     90
 28   29,4   36,7  17:22   20,8  07:05    0,0    6,4    0,0    0,0    0,0  00:00     90
 29   28,3   36,7  15:53   19,9  07:32    0,0    5,7    0,0    0,0    0,0  00:00     90
 30   23,5   30,7  19:18   16,6  07:21    0,0    3,0    0,0    0,0    0,0  00:00     90
---------------------------------------------------------------------------------------
      23,2   38,5     25   12,4     01    0,4   87,6   57,8    0,0    0,0     01     90
    
