                   MONTHLY CLIMATOLOGICAL SUMMARY for ene 2024


NAME: El Campillo (Rivas-Vaciamadrid)                  
ELEV: 539 metros    LAT: 39-11.40 N    LONG: 003-18.00 W


                   TEMPERATURE (C), RAIN (mm), WIND SPEED (m/s)

                                         HEAT   COOL         AVG
      MEAN                               DEG    DEG          WIND                   DOM
DAY   TEMP   HIGH   TIME    LOW   TIME   DAYS   DAYS   RAIN  SPEED   HIGH   TIME    DIR
---------------------------------------------------------------------------------------
 01    5,3   10,3  16:05    2,3  23:57    7,0    0,0    0,0    0,0    0,0  00:00     90
 02    4,5    7,7  19:17    0,8  07:19    7,5    0,0    0,2    0,0    0,0  00:00     90
 03    9,9   12,8  15:52    6,6  01:23    4,5    0,0    3,2    0,0    0,0  00:00     90
 04    9,6   11,8  13:01    7,8  01:48    4,7    0,0    5,4    0,0    0,0  00:00     90
 05    7,1   10,1  16:03    4,1  07:51    6,0    0,0    1,4    0,0    0,0  00:00     90
 06    4,9   10,6  14:08   -0,4  08:30    7,3    0,0    0,0    0,0    0,0  00:00     90
 07    3,3   10,7  16:16   -0,9  05:45    8,2    0,0    0,0    0,0    0,0  00:00     90
 08    1,9    8,7  16:24   -3,7  08:48    8,9    0,0    0,2    0,0    0,0  00:00     90
 09    5,1    7,9  14:45    3,1  02:11    7,2    0,0    0,0    0,0    0,0  00:00     90
 10    5,6    7,9  15:13    3,6  08:25    6,9    0,0    1,2    0,0    0,0  00:00     90
 11    4,4    8,8  15:13   -0,2  23:58    7,6    0,0    0,2    0,0    0,0  00:00     90
 12    2,1    8,9  17:03   -3,2  08:07    8,8    0,0    0,0    0,0    0,0  00:00     90
 13    4,2    9,4  16:46   -0,3  03:35    7,7    0,0    0,0    0,0    0,0  00:00     90
 14    6,3    9,1  16:58    3,6  02:51    6,5    0,0    1,4    0,0    0,0  00:03     90
 15   10,8   14,4  16:07    8,1  00:00    4,0    0,0    4,8    0,0    0,0  00:00     90
 16   13,0   15,6  14:12   11,1  22:24    2,8    0,0    0,0    0,0    0,0  00:00     90
 17   11,5   12,9  17:26   10,0  08:01    3,6    0,0   12,2    0,0    0,0  00:00     90
 18   11,3   14,1  15:50    9,9  22:18    3,7    0,0    0,8    0,0    0,0  00:00     90
 19    6,8   10,2  03:14    3,1  22:52    6,2    0,0   30,6    0,0    0,0  00:00     90
 20    5,7    9,3  14:56    1,9  07:44    6,8    0,0    0,0    0,0    0,0  00:00     90
 21    7,0   12,8  15:53    2,7  23:37    6,1    0,0    0,0    0,0    0,0  00:00     90
 22    4,8   12,0  17:13   -0,2  06:53    7,4    0,0    0,2    0,0    0,0  00:00     90
 23    7,1   16,7  16:47    0,8  07:44    6,1    0,0    0,2    0,0    0,0  00:00     90
 24    8,6   19,9  16:21    2,3  05:15    5,2    0,0    0,2    0,0    0,0  00:03     90
 25    8,9   19,4  15:54    2,0  08:12    5,0    0,0    0,4    0,0    0,0  00:00     90
 26    9,0   19,9  17:14    2,5  08:46    5,0    0,0    0,2    0,0    0,0  00:00     90
 27    9,7   19,7  15:57    3,2  08:29    4,6    0,0    0,2    0,0    0,0  00:00     90
 28    9,2   19,3  16:36    1,7  08:35    4,9    0,0    0,2    0,0    0,0  00:00     90
 29    9,2   15,4  15:33    3,3  08:32    4,9    0,0    0,0    0,0    0,0  00:00     90
 30    7,7   15,3  17:04    2,1  08:55    5,7    0,0    0,2    0,0    0,0  00:00     90
 31    6,0    9,6  16:13    2,5  23:59    6,6    0,0    0,2    0,0    0,0  00:00     90
---------------------------------------------------------------------------------------
       7,1   19,9     24   -3,7     08  187,6    0,0   63,6    0,0    0,0     01     90
    
