                   MONTHLY CLIMATOLOGICAL SUMMARY for dic 2020


NAME: El Campillo (Rivas-Vaciamadrid)                  
ELEV: 539 metros    LAT: 39-11.40 N    LONG: 003-18.00 W


                   TEMPERATURE (C), RAIN (mm), WIND SPEED (m/s)

                                         HEAT   COOL         AVG
      MEAN                               DEG    DEG          WIND                   DOM
DAY   TEMP   HIGH   TIME    LOW   TIME   DAYS   DAYS   RAIN  SPEED   HIGH   TIME    DIR
---------------------------------------------------------------------------------------
 01    7,7   16,7  16:22    0,7  08:06    5,7    0,0    0,2    0,0    2,7  23:12     90
 02    7,9   11,7  14:00    2,1  23:59    5,6    0,0    0,0    0,0    7,2  15:40     15
 03    3,6    9,4  15:19   -2,4  08:31    8,0    0,0    0,0    0,0    4,0  14:37     90
 04    5,6    9,1  14:52    2,1  21:34    6,9    0,0    2,4    0,1    9,4  04:41    252
 05    3,4    7,5  14:24   -1,7  07:31    8,1    0,0    0,0    0,0    5,8  14:11    225
 06    4,9    9,3  15:47    0,7  07:29    7,3    0,0    0,0    0,0    5,8  12:40    292
 07    8,7   11,8  14:38    5,7  00:00    5,2    0,0    1,6    0,8    9,4  02:54    255
 08    6,7   10,7  15:17    3,4  22:48    6,3    0,0    4,8    0,5   10,3  02:40    274
 09    4,7   10,8  15:59   -0,7  08:10    7,4    0,0    0,0    0,0    0,9  15:42     90
 10   10,3   15,3  15:12    4,0  00:05    4,3    0,0    0,6    0,6   13,0  06:05    257
 11   13,7   16,4  15:23   11,9  23:52    2,4    0,0    2,2    1,4   13,4  15:26    260
 12   11,2   14,9  14:52    5,4  23:30    3,8    0,0    0,0    0,5    9,4  03:00    270
 13    7,4   13,0  15:33    1,1  08:37    5,9    0,0    0,0    0,0    0,0  00:00     90
 14    9,9   14,4  15:34    7,4  02:47    4,5    0,0    2,2    0,0    0,4  14:49     90
 15    8,5   11,7  16:17    4,7  22:51    5,3    0,0    0,2    0,2    5,8  13:27    241
 16    7,8   12,1  16:26    2,9  07:37    5,7    0,0    0,4    0,0    0,4  12:25     90
 17    9,4   14,6  16:48    6,7  21:59    4,8    0,0    0,0    0,0    0,0  00:00     90
 18    6,6    9,5  15:19    4,2  04:29    6,3    0,0    0,0    0,0    0,0  00:00     90
 19    7,6    8,3  17:01    6,8  01:03    5,8    0,0    3,6    0,0    0,0  00:00     90
 20    7,5   10,8  16:17    4,5  23:20    5,9    0,0    0,0    0,0    0,4  14:40     90
 21    7,0    9,3  16:35    3,9  01:02    6,1    0,0    0,2    0,0    0,0  00:00     90
 22    7,7    9,2  16:33    6,5  10:15    5,7    0,0    0,0    0,0    0,0  00:00     90
 23    7,2    9,1  16:21    5,8  10:23    6,0    0,0    0,0    0,0    0,0  00:00     90
 24    8,9   11,6  15:13    4,8  23:59    5,1    0,0    0,2    0,0    0,0  00:00     90
 25    4,2    9,2  14:18   -0,4  06:32    7,6    0,0    0,0    0,0    5,8  14:06     90
 26    1,8    9,5  14:56   -4,2  08:15    9,0    0,0    0,0    0,0    0,0  00:00     90
 27    1,4    7,8  13:59   -4,9  07:39    9,2    0,0    0,0    0,1   14,3  23:20    242
 28    6,7   10,2  16:21    2,1  22:55    6,3    0,0    1,0    1,2   13,4  06:28    261
 29    3,8    9,3  16:08    0,5  05:02    7,9    0,0    0,0    0,1    6,7  12:10    236
 30    3,8    9,7  15:49   -0,2  08:52    7,9    0,0    0,0    0,0    0,4  00:47     90
 31    2,3    7,7  15:21   -3,5  08:17    8,7    0,0    0,6    0,0    3,1  22:04    225
---------------------------------------------------------------------------------------
       6,7   16,7     01   -4,9     27  194,6    0,0   20,2    0,2   14,3     27    260
    
