                   MONTHLY CLIMATOLOGICAL SUMMARY for dic 2025


NAME: El Campillo (Rivas-Vaciamadrid)                  
ELEV: 539 metros    LAT: 39-11.40 N    LONG: 003-18.00 W


                   TEMPERATURE (C), RAIN (mm), WIND SPEED (m/s)

                                         HEAT   COOL         AVG
      MEAN                               DEG    DEG          WIND                   DOM
DAY   TEMP   HIGH   TIME    LOW   TIME   DAYS   DAYS   RAIN  SPEED   HIGH   TIME    DIR
---------------------------------------------------------------------------------------
 01    5,0   11,9  15:23   -1,2  08:27    7,2    0,0    0,0    0,0    0,0  00:00     90
 02    4,6   11,9  15:48    0,6  05:03    7,4    0,0    3,6    0,0    0,0  00:00     90
 03    6,0   11,1  14:47    2,7  08:50    6,7    0,0    1,4    0,0    0,0  00:00     90
 04    8,0   12,0  14:46    4,7  03:02    5,5    0,0    0,8    0,0    0,0  00:00     90
 05    8,9   11,3  22:33    4,7  07:26    5,0    0,0    0,0    0,0    0,0  00:00     90
 06   12,4   15,2  15:25   11,0  02:09    3,1    0,0    0,0    0,0    0,0  00:00     90
 07   11,1   13,3  12:27    6,3  23:52    3,8    0,0    0,0    0,0    0,0  00:00     90
 08    8,1   13,8  15:20    4,4  06:04    5,5    0,0    0,0    0,0    0,0  00:00     90
 09    8,0   14,8  16:33    1,7  07:07    5,6    0,0    1,2    0,0    0,0  00:00     90
 10    8,9   10,3  15:16    8,0  07:48    5,0    0,0    9,2    0,0    0,0  00:00     90
 11    7,7   13,7  16:43    2,9  08:47    5,7    0,0    0,2    0,0    0,0  00:00     90
 12    8,6   12,7  14:50    4,2  01:23    5,2    0,0    0,6    0,0    0,0  00:00     90
 13   10,5   15,8  14:30    6,6  08:35    4,2    0,0    0,0    0,0    0,0  00:00     90
 14    8,3   11,5  16:12    5,3  08:55    5,4    0,0    0,0    0,0    0,0  00:00     90
 15    9,1   12,1  12:37    5,4  06:23    4,9    0,0    0,6    0,0    0,0  00:00     90
 16    8,5    9,9  16:14    7,8  05:43    5,3    0,0    7,6    0,0    0,0  00:00     90
 17   10,3   14,9  15:02    7,3  07:06    4,3    0,0    0,0    0,0    0,0  00:00     90
 18    8,2   12,6  15:34    4,6  07:41    5,4    0,0    0,0    0,0    0,0  00:00     90
 19    8,7   11,1  14:19    6,9  07:57    5,2    0,0    0,0    0,0    0,0  00:00     90
 20    7,7    9,9  15:02    5,3  23:22    5,7    0,0    0,2    0,0    0,0  00:00     90
 21    5,0    8,5  16:39   -0,2  23:41    7,2    0,0    3,6    0,0    0,0  00:00     90
 22    2,1    7,1  16:04   -1,5  03:38    8,9    0,0    0,2    0,0    0,0  00:00     90
 23    3,3    7,0  16:36    0,6  07:42    8,2    0,0    0,0    0,0    0,0  00:00     90
 24    4,5   11,3  16:56    0,1  02:06    7,5    0,0    0,0    0,0    0,0  00:00     90
 25    3,6    5,3  16:00    0,9  00:29    8,0    0,0    0,0    0,0    0,0  00:00     90
 26    3,5   11,1  15:39   -1,4  08:34    8,1    0,0    0,0    0,0    0,0  00:00     90
 27    4,8   10,9  13:30   -2,5  07:01    7,3    0,0    0,2    0,0    0,0  00:00     90
 28    8,7   12,4  16:13    5,3  00:07    5,1    0,0    0,0    0,0    0,0  00:00     90
 29    7,3   13,3  16:00    2,8  23:25    5,9    0,0    0,0    0,0    0,0  00:00     90
 30    2,2    8,4  16:57   -1,4  06:17    8,8    0,0    0,4    0,0    0,0  00:00     90
 31    1,0    9,2  16:48   -2,9  08:49    9,4    0,0    0,0    0,0    0,0  00:00     90
---------------------------------------------------------------------------------------
       6,9   15,8     13   -2,9     31  190,8    0,0   29,8    0,0    0,0     01     90
    
