                   MONTHLY CLIMATOLOGICAL SUMMARY for abr 2020


NAME: El Campillo (Rivas-Vaciamadrid)                  
ELEV: 539 metros    LAT: 39-11.40 N    LONG: 003-18.00 W


                   TEMPERATURE (C), RAIN (mm), WIND SPEED (m/s)

                                         HEAT   COOL         AVG
      MEAN                               DEG    DEG          WIND                   DOM
DAY   TEMP   HIGH   TIME    LOW   TIME   DAYS   DAYS   RAIN  SPEED   HIGH   TIME    DIR
---------------------------------------------------------------------------------------
 01    9,8   15,3  18:31    5,3  23:58    4,6    0,0    5,6    0,1    6,3  15:20    263
 02    8,7   15,9  16:08    0,7  07:45    5,2    0,0    0,2    0,0    4,9  14:49     68
 03   10,4   17,8  17:16    3,1  07:45    4,2    0,0    0,0    0,0    0,0  00:00     90
 04   10,9   17,7  16:17    2,9  05:15    3,9    0,0    0,0    1,2    9,8  15:03     90
 05   14,6   21,2  16:27    9,2  08:23    1,9    0,0    0,0    0,0    6,3  00:00    112
 06   14,8   19,7  15:00   11,4  07:50    1,8    0,0    1,2    0,0    1,8  12:06     90
 07   13,9   18,4  14:34   10,7  06:48    2,3    0,0   11,2    0,0    0,4  00:33     90
 08   15,5   23,3  17:59    9,3  06:24    1,4    0,0    0,0    0,0    0,4  04:06     90
 09   13,9   17,4  17:02   11,6  08:14    2,3    0,0    2,2    0,0    0,4  01:07     90
 10   12,2   15,2  17:38   10,2  08:41    3,2    0,0   11,0    0,1    3,6  22:57     71
 11   14,9   19,2  17:48   11,4  03:04    1,7    0,0    0,0    0,0    3,1  00:15     90
 12   14,8   20,3  17:03    9,3  08:04    1,8    0,0    0,2    0,0    0,9  11:27     90
 13   13,1   19,1  15:30    7,9  08:42    2,7    0,0    2,6    0,0    0,4  02:16     90
 14   13,0   18,5  15:36    9,7  04:12    2,8    0,0    7,6    0,0    9,8  16:51     90
 15   13,0   17,1  16:05    9,4  09:59    2,8    0,0    7,2    0,4    9,8  17:00     86
 16   14,0   20,6  14:50    9,9  04:23    2,2    0,0    5,6    0,1    8,0  15:16    140
 17   15,0   19,8  14:32   11,2  07:24    1,7    0,0    0,0    0,0    4,0  10:38    194
 18   15,0   22,3  14:23    8,7  06:28    1,7    0,0    0,0    0,0    0,4  12:47     90
 19   13,8   19,8  17:27    9,9  07:57    2,3    0,0   17,6    0,0    8,0  06:52     63
 20   12,6   18,7  15:25    6,2  07:15    3,0    0,0    0,0    0,0    8,0  17:28    225
 21   11,0   16,2  19:34    7,8  07:07    3,9    0,0    1,0    0,0    0,4  16:08     90
 22   14,7   21,6  14:56    9,6  05:32    1,8    0,0    0,0    0,0    0,4  11:28     90
 23   15,1   19,5  15:18   10,8  06:27    1,6    0,0    0,0    0,0    0,4  19:28     90
 24   16,7   22,8  17:14   10,2  07:45    0,7    0,0    0,0    0,0    0,9  12:20     90
 25   16,5   23,8  16:04   10,3  07:31    0,8    0,0    1,8    0,0    2,7  19:28     90
 26   14,9   21,0  16:08   10,6  04:54    1,7    0,0    0,2    0,0    7,2  16:45    225
 27   13,4   17,8  15:08    9,4  07:28    2,5    0,0    0,0    0,0    3,6  12:23     90
 28   12,4   18,9  16:35    6,6  06:41    3,1    0,0    0,0    0,0    4,9  18:46     90
 29   13,3   20,3  17:11    5,4  06:50    2,6    0,0    0,0    0,2    8,9  15:20    230
 30   14,9   20,0  17:56   10,8  07:43    1,7    0,0    0,0    0,1    7,6  17:39    226
---------------------------------------------------------------------------------------
      13,6   23,8     25    0,7     02   74,0    0,0   75,2    0,1    9,8     04     96
    
