                   MONTHLY CLIMATOLOGICAL SUMMARY for nov 2025


NAME: El Campillo (Rivas-Vaciamadrid)                  
ELEV: 539 metros    LAT: 39-11.40 N    LONG: 003-18.00 W


                   TEMPERATURE (C), RAIN (mm), WIND SPEED (m/s)

                                         HEAT   COOL         AVG
      MEAN                               DEG    DEG          WIND                   DOM
DAY   TEMP   HIGH   TIME    LOW   TIME   DAYS   DAYS   RAIN  SPEED   HIGH   TIME    DIR
---------------------------------------------------------------------------------------
 01   15,0   19,2  16:08   11,2  07:59    1,6    0,0    0,0    0,0    0,0  00:00     90
 02   14,0   18,7  15:16    8,2  23:56    2,2    0,0    0,0    0,0    0,0  00:00     90
 03   11,0   20,7  16:28    4,2  07:13    3,9    0,0    0,0    0,0    0,0  00:00     90
 04   11,1   20,7  16:08    3,7  07:29    3,8    0,0    0,0    0,0    0,0  00:00     90
 05   13,7   17,8  16:01   10,4  23:53    2,4    0,0   11,6    0,0    0,0  00:03     90
 06   10,7   14,9  14:55    7,5  23:57    4,1    0,0    0,2    0,0    0,0  00:00     90
 07   10,0   12,7  15:52    6,4  05:11    4,4    0,0    8,8    0,0    0,0  00:00     90
 08   10,9   16,4  16:19    5,6  23:49    4,0    0,0    0,0    0,0    0,0  00:00     90
 09    7,2   15,7  15:40    1,3  07:59    6,0    0,0    0,0    0,0    0,0  00:00     90
 10    7,8   16,5  15:56    1,6  07:18    5,6    0,0    0,2    0,0    0,0  00:00     90
 11   10,3   17,8  16:12    5,4  03:42    4,3    0,0    0,2    0,0    0,0  00:00     90
 12   13,1   24,9  15:47    4,5  07:46    2,7    0,0    0,0    0,0    0,0  00:00     90
 13   13,1   15,3  00:00   11,5  09:03    2,7    0,0    6,6    0,0    0,0  00:00     90
 14   12,3   16,4  14:36    9,8  19:34    3,2    0,0   13,0    0,0    0,0  00:00     90
 15   11,3   14,3  19:57    8,7  06:38    3,7    0,0    4,6    0,0    0,0  00:00     90
 16   10,9   15,8  15:10    7,6  23:59    3,9    0,0    0,0    0,0    0,0  00:00     90
 17    9,6   13,6  16:48    7,4  05:27    4,7    0,0    0,2    0,0    0,0  00:00     90
 18    8,5   15,4  16:23    3,5  23:54    5,3    0,0    0,2    0,0    0,0  00:00     90
 19    5,4   11,8  14:18    0,6  06:39    7,0    0,0    0,2    0,0    0,0  00:00     90
 20    4,2   11,7  14:07   -1,1  07:48    7,7    0,0    0,0    0,0    0,0  00:00     90
 21    4,2   10,6  15:09   -1,0  06:00    7,7    0,0    0,0    0,0    0,0  00:00     90
 22    2,7   10,4  16:07   -4,2  08:06    8,5    0,0    0,0    0,0    0,0  00:00     90
 23    6,6   13,6  15:03    1,0  08:09    6,4    0,0    0,0    0,0    0,0  00:00     90
 24   10,2   12,7  16:09    6,4  00:15    4,3    0,0    2,8    0,0    0,0  00:00     90
 25    8,7   13,3  14:50    3,1  08:14    5,2    0,0    0,0    0,0    0,0  00:00     90
 26    6,1   12,1  14:42   -0,1  07:56    6,6    0,0    0,0    0,0    0,0  00:00     90
 27    4,6   14,3  16:12   -2,2  07:28    7,4    0,0    0,0    0,0    0,0  00:00     90
 28    5,4   14,8  16:51   -0,8  07:00    7,0    0,0    0,0    0,0    0,0  00:00     90
 29    4,2   12,0  16:50   -1,2  07:38    7,7    0,0    0,2    0,0    0,0  00:00     90
 30    7,1   12,2  15:21    4,0  23:55    6,0    0,0    3,2    0,0    0,0  00:00     90
---------------------------------------------------------------------------------------
       9,0   24,9     12   -4,2     22  150,1    0,0   52,0    0,0    0,0     01     90
    
