                   MONTHLY CLIMATOLOGICAL SUMMARY for may 2023


NAME: El Campillo (Rivas-Vaciamadrid)                  
ELEV: 539 metros    LAT: 39-11.40 N    LONG: 003-18.00 W


                   TEMPERATURE (C), RAIN (mm), WIND SPEED (m/s)

                                         HEAT   COOL         AVG
      MEAN                               DEG    DEG          WIND                   DOM
DAY   TEMP   HIGH   TIME    LOW   TIME   DAYS   DAYS   RAIN  SPEED   HIGH   TIME    DIR
---------------------------------------------------------------------------------------
 01   19,2   27,4  17:13    9,2  07:31    0,0    0,7    0,0    0,0    0,0  00:00     90
 02   20,4   29,2  15:54   11,3  07:35    0,0    1,3    0,0    0,0    0,0  00:00     90
 03   22,7   31,3  18:56   15,0  07:34    0,0    2,6    0,0    0,0    0,0  00:00     90
 04   20,7   26,0  17:11   14,4  07:17    0,0    1,5    0,0    0,0    0,0  00:00     90
 05   19,2   28,2  19:30    9,4  07:04    0,0    0,7    0,0    0,0    0,0  00:00     90
 06   20,1   29,0  17:55    8,5  06:53    0,0    1,1    0,0    0,0    0,0  00:00     90
 07   21,4   29,3  18:13   11,9  06:18    0,0    1,9    0,0    0,0    0,0  00:00     90
 08   21,8   30,2  17:37   13,3  07:14    0,0    2,1    0,0    0,0    0,0  00:00     90
 09   21,8   28,8  14:22   13,2  07:43    0,0    2,1    0,0    0,0    0,0  00:00     90
 10   19,2   26,3  20:15   11,6  07:02    0,0    0,7    0,0    0,0    0,0  00:00     90
 11   16,5   23,0  17:27    9,4  07:16    0,8    0,0    0,0    0,0    0,0  00:00     90
 12   14,0   19,9  16:19    8,1  07:08    2,2    0,0    0,0    0,0    0,0  00:00     90
 13   14,2   21,3  17:21    6,1  07:19    2,1    0,0    0,0    0,0    0,0  00:00     90
 14   15,0   21,6  16:47    6,5  06:39    1,7    0,0    0,0    0,0    0,0  00:00     90
 15   15,1   22,3  15:03    6,8  06:54    1,6    0,0    0,0    0,0    0,0  00:00     90
 16   15,7   24,4  18:29    6,4  07:26    1,3    0,0    0,0    0,0    0,0  00:00     90
 17   15,9   24,7  18:03    7,9  06:23    1,1    0,0    0,0    0,0    0,0  00:00     90
 18   15,7   22,5  17:47    9,3  06:05    1,3    0,0    0,0    0,0    0,0  00:00     90
 19   15,3   21,1  17:22    8,2  06:58    1,5    0,0    0,0    0,0    0,0  00:00     90
 20   15,0   21,7  17:52    7,3  06:46    1,7    0,0    0,0    0,0    0,0  00:00     90
 21   16,0   23,1  17:52   10,9  07:02    1,1    0,0    0,0    0,0    0,0  00:00     90
 22   18,2   23,0  14:52   14,5  07:13    0,0    0,1    0,0    0,0    0,0  00:00     90
 23   17,1   23,9  15:41   13,7  23:56    0,5    0,0   10,4    0,0    0,0  00:00     90
 24   17,2   24,1  15:18   12,7  05:40    0,5    0,0    0,2    0,0    0,0  00:00     90
 25   17,4   25,8  15:41   12,8  03:10    0,3    0,0    8,4    0,0    0,0  00:00     90
 26   16,2   20,9  18:21   12,8  07:20    1,0    0,0   10,8    0,0    0,0  00:00     90
 27   17,2   22,4  14:40   13,2  06:43    0,4    0,0    8,4    0,0    0,0  00:00     90
 28   15,3   20,6  17:12   12,7  23:52    1,5    0,0    2,8    0,0    0,0  00:00     90
 29   15,4   23,5  16:16   11,8  02:24    1,4    0,0   18,8    0,0    0,0  00:00     90
 30   16,3   23,5  14:06   11,8  02:58    1,0    0,0    0,2    0,0    0,0  00:00     90
 31   18,6   26,3  16:35   11,0  07:16    0,0    0,3    0,2    0,0    0,0  00:00     90
---------------------------------------------------------------------------------------
      17,5   31,3     03    6,1     13   23,1   15,2   60,2    0,0    0,0     01     90
    
