                   MONTHLY CLIMATOLOGICAL SUMMARY for jul 2022


NAME: El Campillo (Rivas-Vaciamadrid)                  
ELEV: 539 metros    LAT: 39-11.40 N    LONG: 003-18.00 W


                   TEMPERATURE (C), RAIN (mm), WIND SPEED (m/s)

                                         HEAT   COOL         AVG
      MEAN                               DEG    DEG          WIND                   DOM
DAY   TEMP   HIGH   TIME    LOW   TIME   DAYS   DAYS   RAIN  SPEED   HIGH   TIME    DIR
---------------------------------------------------------------------------------------
 01   24,5   34,4  19:56   14,0  07:24    0,0    3,6    0,0    0,0    6,3  01:22     68
 02   28,1   37,1  19:29   20,5  07:12    0,0    5,6    0,0    0,0    7,2  00:19     87
 03   29,1   35,8  17:51   22,0  07:31    0,0    6,2    0,0    0,0    4,9  16:15    202
 04   27,6   35,6  18:55   18,2  07:04    0,0    5,4    0,0    0,0    4,0  16:04     90
 05   27,9   37,4  17:34   16,5  07:29    0,0    5,5    0,0    0,0    7,2  15:30    214
 06   26,0   33,8  15:29   19,7  16:13    0,0    4,4    0,0    0,3   12,5  16:05     64
 07   24,6   32,8  18:46   16,9  07:30    0,0    3,7    0,0    0,2    7,2  13:54     67
 08   26,6   36,3  19:36   17,7  06:33    0,0    4,8    0,0    0,0    2,7  00:52     90
 09   29,2   38,3  18:08   20,6  07:23    0,0    6,2    0,0    0,0    4,5  15:35     90
 10   30,4   39,1  17:51   19,7  07:37    0,0    6,9    0,0    0,0    3,1  16:50     90
 11   30,7   39,2  16:50   22,9  07:35    0,0    7,1    0,0    0,0    6,3  23:09     56
 12   31,7   39,4  17:46   25,3  07:11    0,0    7,6    0,0    0,1    7,6  04:16     74
 13   31,9   40,9  17:12   24,9  07:36    0,0    7,7    0,0    0,0    3,1  15:33     90
 14   33,4   41,9  17:31   23,8  07:34    0,0    8,6    0,0    0,0    5,8  18:39     61
 15   32,1   40,1  17:48   23,6  07:22    0,0    7,8    0,0    0,0    6,3  13:55     68
 16   32,5   40,0  17:26   24,8  07:21    0,0    8,0    0,0    0,0    4,5  03:09     90
 17   32,2   39,4  14:48   24,6  06:09    0,0    7,9    0,0    0,0    4,5  17:23     90
 18   32,9   39,8  17:03   25,7  06:56    0,0    8,3    0,0    0,0    5,8  04:25     45
 19   29,3   35,3  17:30   22,0  07:23    0,0    6,3    0,0    0,0    6,7  14:20    219
 20   28,2   38,5  19:14   16,1  07:24    0,0    5,7    0,0    0,0    3,6  12:30     90
 21   30,6   39,1  16:39   22,1  07:27    0,0    7,0    0,0    0,0    3,6  13:53     90
 22   31,1   38,7  17:40   22,1  07:06    0,0    7,3    0,0    0,0    6,3  18:10    221
 23   28,7   39,4  16:31   16,0  07:11    0,0    6,0    0,0    0,0    8,9  14:52    219
 24   29,2   40,1  17:54   16,6  07:31    0,0    6,2    0,0    0,0    7,6  17:59    239
 25   30,5   38,3  16:44   20,9  07:12    0,0    6,9    0,0    0,0    8,5  15:48    219
 26   29,1   36,9  17:32   20,7  07:35    0,0    6,2    0,0    0,0    3,6  17:42     90
 27   29,0   36,6  17:22   20,5  06:45    0,0    6,1    0,0    0,0    5,4  18:29     83
 28   29,1   36,7  17:26   20,1  07:22    0,0    6,2    0,0    0,0    6,3  17:40    214
 29   29,0   37,6  19:26   19,5  07:35    0,0    6,1    0,0    0,0    7,6  15:17    218
 30   27,8   38,9  17:39   21,3  07:20    0,0    5,5    6,0    0,0   15,2  18:27    218
 31   29,6   37,8  19:20   22,1  07:37    0,0    6,5    0,0    0,0    2,2  09:59     90
---------------------------------------------------------------------------------------
      29,4   41,9     14   14,0     01    0,0  197,0    6,0    0,0   15,2     30     80
    
