                   MONTHLY CLIMATOLOGICAL SUMMARY for may 2024


NAME: El Campillo (Rivas-Vaciamadrid)                  
ELEV: 539 metros    LAT: 39-11.40 N    LONG: 003-18.00 W


                   TEMPERATURE (C), RAIN (mm), WIND SPEED (m/s)

                                         HEAT   COOL         AVG
      MEAN                               DEG    DEG          WIND                   DOM
DAY   TEMP   HIGH   TIME    LOW   TIME   DAYS   DAYS   RAIN  SPEED   HIGH   TIME    DIR
---------------------------------------------------------------------------------------
 01   10,8   15,6  16:37    6,3  07:12    4,0    0,0    0,0    0,0    0,0  00:00     90
 02   10,1   16,7  15:40    3,6  07:05    4,4    0,0    0,0    0,0    0,0  00:00     90
 03   12,3   20,2  18:11    3,4  07:22    3,2    0,0    0,0    0,0    0,0  00:00     90
 04   16,3   24,6  17:50    8,0  06:20    1,0    0,0    0,0    0,0    0,0  00:00     90
 05   16,4   19,6  12:58   12,1  07:09    0,9    0,0    3,8    0,0    0,0  00:00     90
 06   15,2   20,6  20:05   10,8  23:58    1,6    0,0    1,4    0,0    0,0  00:00     90
 07   15,1   23,4  18:46    6,8  03:51    1,6    0,0    0,0    0,0    0,0  00:00     90
 08   16,6   26,4  20:15    8,1  07:04    0,8    0,0    0,0    0,0    0,0  00:00     90
 09   18,5   28,9  18:27    8,0  07:14    0,0    0,3    0,0    0,0    0,0  00:00     90
 10   20,8   30,1  18:00   10,7  07:15    0,0    1,5    0,0    0,0    0,0  00:00     90
 11   21,8   29,6  16:29   12,7  07:26    0,0    2,1    0,0    0,0    0,0  00:00     90
 12   20,4   29,2  17:04   10,7  06:32    0,0    1,3    0,0    0,0    0,0  00:00     90
 13   21,0   28,3  16:49   12,0  07:18    0,0    1,7    0,0    0,0    0,0  00:00     90
 14   16,1   21,1  16:59   10,7  07:22    1,1    0,0    0,0    0,0    0,0  00:00     90
 15   14,3   19,6  16:12    9,1  05:00    2,1    0,0    0,0    0,0    0,0  00:00     90
 16   13,1   18,9  18:01    7,5  04:12    2,7    0,0    0,0    0,0    0,0  00:00     90
 17   15,1   21,4  18:36   10,3  04:16    1,6    0,0    0,0    0,0    0,0  00:00     90
 18   16,2   23,4  18:31    7,1  06:52    1,0    0,0    0,0    0,0    0,0  00:00     90
 19   15,3   22,7  16:12    6,5  06:48    1,5    0,0    0,0    0,0    0,0  00:00     90
 20   14,9   22,3  14:23    6,7  07:12    1,7    0,0    0,0    0,0    0,0  00:00     90
 21   14,7   21,4  13:53    8,9  04:56    1,9    0,0    1,0    0,0    0,0  00:03     90
 22   15,7   22,2  16:40    8,0  04:58    1,3    0,0    0,0    0,0    0,0  00:00     90
 23   17,5   26,9  19:16    8,2  06:55    0,3    0,0    0,0    0,0    0,0  00:00     90
 24   19,9   28,8  18:56   10,9  07:08    0,0    1,0    0,0    0,0    0,0  00:00     90
 25   21,1   29,8  18:38    9,8  06:33    0,0    1,7    0,0    0,0    0,0  00:00     90
 26   20,9   30,3  17:25    7,8  07:06    0,0    1,6    0,0    0,0    0,0  00:00     90
 27   22,6   32,0  19:01   11,7  06:08    0,0    2,5    0,0    0,0    0,0  00:00     90
 28   23,1   31,7  18:41   15,3  07:13    0,0    2,8    0,0    0,0    0,0  00:00     90
 29   25,3   34,7  18:10   15,9  07:28    0,0    4,1    0,0    0,0    0,0  00:00     90
 30   26,5   35,1  19:01   15,6  06:49    0,0    4,7    0,0    0,0    0,0  00:00     90
 31   22,5   30,6  17:13   14,2  08:09    0,0    2,5    0,0    0,0    0,0  00:00     90
---------------------------------------------------------------------------------------
      17,7   35,1     30    3,4     03   32,4   28,0    6,2    0,0    0,0     01     90
    
