                   MONTHLY CLIMATOLOGICAL SUMMARY for sep 2018


NAME: El Campillo (Rivas-Vaciamadrid)                  
ELEV: 539 metros    LAT: 39-11.40 N    LONG: 003-18.00 W


                   TEMPERATURE (C), RAIN (mm), WIND SPEED (m/s)

                                         HEAT   COOL         AVG
      MEAN                               DEG    DEG          WIND                   DOM
DAY   TEMP   HIGH   TIME    LOW   TIME   DAYS   DAYS   RAIN  SPEED   HIGH   TIME    DIR
---------------------------------------------------------------------------------------
 01   26,8   35,4  18:52   19,3  07:50    0,0    4,9    0,0    0,4    5,4  00:00     73
 02   28,1   36,7  18:13   21,4  07:57    0,0    5,6    0,0    0,4    6,3  15:34    266
 03   27,1   32,9  17:37   21,1  07:09    0,0    5,1    0,2    0,4    5,8  13:33    199
 04   24,3   30,9  16:10   17,2  07:38    0,0    3,5    0,0    0,3    4,5  14:40    195
 05   22,8   28,6  17:25   16,1  07:53    0,0    2,6    0,0    0,6    6,7  16:38    216
 06   21,7   28,2  15:47   16,0  07:53    0,0    2,0    0,0    0,4    4,9  21:44     58
 07   22,0   29,3  17:47   15,7  08:01    0,0    2,2    0,2    0,9    9,4  22:22     57
 08   19,7   22,8  13:16   17,1  23:59    0,0    0,9    5,0    0,6    7,6  00:59     62
 09   21,5   29,1  17:38   14,0  08:07    0,0    1,9    0,0    0,3    4,5  17:57     25
 10   22,1   30,1  16:42   14,7  06:40    0,0    2,3    0,0    0,7    7,2  19:57     72
 11   22,5   28,9  16:04   15,3  07:33    0,0    2,5    0,0    0,6    7,2  15:29     70
 12   23,1   30,6  16:47   16,1  07:32    0,0    2,9    0,0    0,4    8,5  03:45     55
 13   24,2   33,0  17:28   15,8  07:46    0,0    3,5    0,0    0,1    4,9  16:10     99
 14   25,0   33,6  17:10   16,7  08:01    0,0    3,9    0,0    0,5    4,9  01:06     45
 15   24,5   31,2  17:51   18,3  07:41    0,0    3,6    5,0    0,7   10,3  21:04     77
 16   22,9   32,1  18:23   15,2  08:04    0,0    2,7    0,0    0,2    3,6  18:06     63
 17   23,3   30,4  16:32   18,8  08:04    0,0    2,9    4,8    0,9   10,7  18:22     78
 18   22,4   29,9  17:29   17,1  08:10    0,0    2,4    0,2    0,3    7,2  00:42     44
 19   23,4   31,4  17:29   15,9  06:29    0,0    3,0    0,0    0,2    3,1  01:13     54
 20   24,4   32,7  17:43   17,3  04:11    0,0    3,6    0,0    0,2    3,6  14:40    255
 21   24,1   32,8  15:39   15,6  08:07    0,0    3,4    0,0    0,1    3,6  16:16    232
 22   25,2   33,8  16:51   18,3  08:04    0,0    4,0    0,0    0,2    5,4  15:40    220
 23   25,5   34,8  16:57   15,7  07:25    0,0    4,2    0,0    0,3    4,0  23:16     60
 24   25,8   33,5  17:16   18,7  08:12    0,0    4,3    0,0    0,6    4,9  12:00     64
 25   23,4   32,1  17:48   15,7  08:13    0,0    3,0    0,0    0,4    6,7  21:53     75
 26   22,5   29,0  17:40   19,6  04:26    0,0    2,5    0,0    0,9    6,7  01:49     70
 27   21,0   28,2  17:47   13,9  08:15    0,0    1,6    0,0    0,2    4,5  18:23     72
 28   20,7   29,6  18:29   12,3  08:03    0,0    1,5    0,0    0,1    4,0  16:29     72
 29   20,3   29,9  18:30   10,9  08:17    0,0    1,3    0,0    0,1    2,7  14:08    182
 30   21,2   30,3  16:21   11,6  08:01    0,0    1,8    0,0    0,1    2,7  14:57    130
---------------------------------------------------------------------------------------
      23,4   36,7     02   10,9     29    0,0   89,7   15,4    0,4   10,7     17     71
    

