                   MONTHLY CLIMATOLOGICAL SUMMARY for jul 2024


NAME: El Campillo (Rivas-Vaciamadrid)                  
ELEV: 539 metros    LAT: 39-11.40 N    LONG: 003-18.00 W


                   TEMPERATURE (C), RAIN (mm), WIND SPEED (m/s)

                                         HEAT   COOL         AVG
      MEAN                               DEG    DEG          WIND                   DOM
DAY   TEMP   HIGH   TIME    LOW   TIME   DAYS   DAYS   RAIN  SPEED   HIGH   TIME    DIR
---------------------------------------------------------------------------------------
 01   23,3   31,3  17:49   14,0  05:01    0,0    2,9    0,0    0,0    0,0  00:00     90
 02   24,1   32,6  18:56   14,4  07:10    0,0    3,4    0,0    0,0    0,0  00:00     90
 03   26,1   35,3  18:34   15,3  07:26    0,0    4,5    0,0    0,0    0,0  00:00     90
 04   28,6   38,1  20:00   18,9  07:14    0,0    5,9    0,0    0,0    0,0  00:00     90
 05   30,3   39,2  18:24   20,5  07:31    0,0    6,9    0,0    0,0    0,0  00:00     90
 06   28,0   34,3  16:03   21,7  04:57    0,0    5,6    0,0    0,0    0,0  00:00     90
 07   24,6   32,6  19:06   16,2  07:00    0,0    3,7    0,0    0,0    0,0  00:00     90
 08   25,7   34,1  18:10   15,4  07:12    0,0    4,3    0,0    0,0    0,0  00:00     90
 09   26,1   34,2  17:55   17,6  06:50    0,0    4,5    0,0    0,0    0,0  00:00     90
 10   27,0   35,5  18:52   18,1  06:39    0,0    5,0    0,0    0,0    0,0  00:00     90
 11   29,1   36,5  17:26   19,5  06:48    0,0    6,1    0,0    0,0    0,0  00:00     90
 12   27,3   34,9  18:17   17,4  07:31    0,0    5,2    0,0    0,0    0,0  00:00     90
 13   26,9   34,8  16:52   17,6  07:12    0,0    4,9    0,0    0,0    0,0  00:00     90
 14   26,1   33,7  18:23   17,0  07:30    0,0    4,5    0,0    0,0    0,0  00:00     90
 15   25,1   31,4  16:23   18,2  05:22    0,0    4,0    0,0    0,0    0,0  00:00     90
 16   25,1   34,3  18:15   15,1  07:15    0,0    4,0    0,0    0,0    0,0  00:00     90
 17   26,3   37,3  18:55   14,5  06:19    0,0    4,6    0,0    0,0    0,0  00:00     90
 18   28,0   36,3  14:51   18,8  07:17    0,0    5,6    0,0    0,0    0,0  00:00     90
 19   28,9   38,9  18:00   17,0  07:02    0,0    6,0    0,0    0,0    0,0  00:00     90
 20   28,2   36,2  16:28   18,7  07:17    0,0    5,7    0,0    0,0    0,0  00:00     90
 21   26,8   33,6  19:27   20,2  05:31    0,0    4,9    0,0    0,0    0,0  00:00     90
 22   26,7   37,2  19:25   16,3  07:31    0,0    4,8    0,0    0,0    0,0  00:00     90
 23   30,2   39,8  17:58   20,0  06:10    0,0    6,8    0,0    0,0    0,0  00:00     90
 24   31,5   41,0  16:55   21,2  07:38    0,0    7,5    0,0    0,0    0,0  00:00     90
 25   32,2   40,7  17:49   23,9  07:35    0,0    7,9    0,0    0,0    0,0  00:00     90
 26   30,6   38,3  16:52   23,7  07:22    0,0    7,0    0,0    0,0    0,0  00:00     90
 27   31,2   39,2  18:08   22,6  07:17    0,0    7,3    0,0    0,0    0,0  00:00     90
 28   31,8   39,2  18:38   23,7  06:40    0,0    7,6    0,0    0,0    0,0  00:00     90
 29   29,7   37,3  18:11   22,7  07:16    0,0    6,5    0,0    0,0    0,0  00:00     90
 30   31,3   40,2  18:19   24,1  06:52    0,0    7,4    0,0    0,0    0,0  00:00     90
 31   30,2   38,4  17:24   20,4  07:30    0,0    6,8    0,0    0,0    0,0  00:00     90
---------------------------------------------------------------------------------------
      28,0   41,0     24   14,0     01    0,0  171,7    0,0    0,0    0,0     01     90
    
